last-generated=2025-10-10
statistics-initialization=
{
  "nonlinear": "1, 1, 1, 1, 1, 1, 1, 1",
  "numerical Jacobians": "0"
}
statistics-simulation=
{
  "linear": " ",
  "nonlinear": "2, 2, 2, 1, 1, 1, 1, 1, 1",
  "number of continuous time states": "26",
  "numerical Jacobians": "0"
}
time=[0e+00, 8.64e+04]
nPV=[5e+03, 5e+03]
EBatMax=[3.5999997952e+10, 3.5999997952e+10]
hea.P=[1.742004028320312e+03, 1.1973565625e+05, 1.221389921875e+05, 1.24463796875e+05, 1.26793671875e+05, 1.2912828125e+05, 1.3146703125e+05, 1.3381040625e+05, 1.36158953125e+05, 1.38703578125e+05, 1.4202275e+05, 1.46108359375e+05, 1.5091240625e+05, 1.573705e+05, 1.702821875e+05, 1.88240921875e+05, 2.08812984375e+05, 2.306667656250001e+05, 2.644103125e+05, 3.0407846875e+05, 3.375468125e+05, 3.520683125e+05, 3.53600875e+05, 3.500865625e+05, 3.4337228125e+05, 3.3504234375e+05, 3.26484375e+05, 3.179916875e+05, 3.094558124999999e+05, 3.00774625e+05, 2.917931875e+05, 2.8257628125e+05, 2.7349146875e+05, 2.64896875e+05, 2.5724359375e+05, 2.50801078125e+05, 2.4511528125e+05, 2.39709171875e+05, 2.34187390625e+05, 2.28780921875e+05, 2.2375365625e+05, 2.19325875e+05, 2.15844765625e+05, 2.146506875e+05, 2.14828984375e+05, 2.14884203125e+05, 2.13348109375e+05, 2.1033484375e+05, 2.06858984375e+05, 2.035973125e+05, 2.01221265625e+05, 1.99615859375e+05, 1.9824271875e+05, 1.9710509375e+05, 1.96202390625e+05, 1.95702609375e+05, 1.95637359375e+05, 1.95541296875e+05, 1.94944703125e+05, 1.93560625e+05, 1.9181290625e+05, 1.8993296875e+05, 1.88123125e+05, 1.8654796875e+05, 1.85107078125e+05, 1.837511875e+05, 1.82455296875e+05, 1.8124590625e+05, 1.8068596875e+05, 1.8073884375e+05, 1.8116703125e+05, 1.81816e+05, 1.8556053125e+05, 1.91682e+05, 1.9721053125e+05, 1.9913596875e+05, 1.97005203125e+05, 1.92830671875e+05, 1.8736503125e+05, 1.813635625e+05, 1.743149375e+05, 1.654955625e+05, 1.569390625e+05, 1.5065428125e+05, 1.4852140625e+05, 1.50116140625e+05, 1.53021328125e+05, 1.547644375e+05, 1.53543625e+05, 1.5181059375e+05, 1.5006659375e+05, 1.48295078125e+05, 1.4648434375e+05, 1.4467315625e+05, 1.42864515625e+05, 1.410464375e+05, 1.16857453125e+05, 1.20205484375e+05, 1.22526109375e+05, 1.2485175e+05, 1.271824921875e+05]
dhw.P=[1.473856323242188e+03, 3.08655390625e+04, 1.78626484375e+04, 1.3846125e+04, 1.1620384765625e+04, 9.9397216796875e+03, 8.4573515625e+03, 7.184979492187499e+03, 6.11710791015625e+03, 5.39099169921875e+03, 5.18163232421875e+03, 5.3273212890625e+03, 5.64544580078125e+03, 5.97249560546875e+03, 6.348081054687501e+03, 6.888404296875e+03, 7.70352197265625e+03, 8.899851562500004e+03, 1.048287890625e+04, 1.23393662109375e+04, 1.4474701171875e+04, 1.684296875e+04, 1.936596484375e+04, 2.197987109375e+04, 2.460521484375e+04, 2.71702421875e+04, 2.965069140625e+04, 3.204074609375e+04, 3.429456250000001e+04, 3.636587109375e+04, 3.772911328125e+04, 3.796219921875e+04, 3.784269140625e+04, 3.816316796875e+04, 3.951321484375001e+04, 4.145312499999999e+04, 4.351877734375e+04, 4.526360546875e+04, 4.628646484375e+04, 4.674601171875e+04, 4.703751953125e+04, 4.754472265625e+04, 4.86066640625e+04, 4.989247265625e+04, 5.12398515625e+04, 5.262638671875e+04, 5.40332109375e+04, 5.55693046875e+04, 5.721379296875e+04, 5.88538125e+04, 6.03617734375e+04, 6.1081375e+04, 6.0630765625e+04, 5.930895703125e+04, 5.73893671875e+04, 5.428896484374996e+04, 4.945201171874996e+04, 4.438272656250004e+04, 4.057147265625e+04, 3.881983203125e+04, 3.77567578125e+04, 3.71944765625e+04, 3.705511328125e+04, 3.724888671875e+04, 3.768575390625e+04, 3.845993359375e+04, 3.968512890625e+04, 4.156065234375e+04, 4.493696875000004e+04, 4.916931249999996e+04, 5.321996093749997e+04, 5.603372265625e+04, 5.73512265625e+04, 5.793003515625e+04, 5.852882421875e+04, 5.9899984375e+04, 6.272026953125e+04, 6.655259375e+04, 7.04903125e+04, 7.36158203125e+04, 7.55360078125e+04, 7.6549875e+04, 7.6226765625e+04, 7.41285234375e+04, 7.0174265625e+04, 6.5465421875e+04, 6.054041796875e+04, 5.58345e+04, 5.170165625e+04, 4.77025234375e+04, 4.38389453125e+04, 4.02154375e+04, 3.694642578125e+04, 3.421984375e+04, 3.19951640625e+04, 3.0180455078125e+04, 1.720167578125e+04, 1.5772892578125e+04, 1.413055859375e+04, 1.257834375e+04, 1.1076017578125e+04]
coo.P=[7.4377015625e+04, 7.19039375e+04, 7.0068984375e+04, 7.18284140625e+04, 7.12547265625e+04, 7.1580015625e+04, 7.1601578125e+04, 7.15205703125e+04, 7.1597796875e+04, 7.15631171875e+04, 7.1569796875e+04, 7.15760859375e+04, 7.156871875e+04, 7.15731171875e+04, 7.1571765625e+04, 7.15715078125e+04, 7.1572171875e+04, 7.15716875e+04, 7.1571890625e+04, 7.1571875e+04, 7.15718203125e+04, 7.1571875e+04, 7.157184375e+04, 7.15718515625e+04, 7.15718515625e+04, 7.15718515625e+04, 7.15718515625e+04, 7.15718515625e+04, 7.15718515625e+04, 7.15718515625e+04, 7.15718515625e+04, 7.15718515625e+04, 7.15718515625e+04, 7.15718515625e+04, 7.15718515625e+04, 7.15718515625e+04, 7.15718515625e+04, 7.15718515625e+04, 7.15718515625e+04, 7.15718515625e+04, 7.15718515625e+04, 7.15718515625e+04, 7.15718515625e+04, 7.15718515625e+04, 7.15718515625e+04, 7.15718515625e+04, 7.15718515625e+04, 7.15718515625e+04, 7.15718515625e+04, 7.15718515625e+04, 7.15718515625e+04, 7.15718515625e+04, 7.15718515625e+04, 7.15718515625e+04, 7.15718515625e+04, 7.15718515625e+04, 7.15718515625e+04, 7.15718515625e+04, 7.15718515625e+04, 7.15718515625e+04, 7.15718515625e+04, 7.15718515625e+04, 7.15718515625e+04, 7.15718515625e+04, 7.15718515625e+04, 7.15718515625e+04, 7.15718515625e+04, 7.15718515625e+04, 7.15718515625e+04, 7.15718515625e+04, 7.15718515625e+04, 7.15718515625e+04, 7.15718515625e+04, 7.15718515625e+04, 7.15718515625e+04, 7.15718515625e+04, 7.15718515625e+04, 7.15718515625e+04, 7.15718515625e+04, 7.15718515625e+04, 7.15718515625e+04, 7.15718515625e+04, 7.15718515625e+04, 7.15718515625e+04, 7.15718515625e+04, 7.15718515625e+04, 7.15718515625e+04, 7.15718515625e+04, 7.15718515625e+04, 7.15718515625e+04, 7.15718515625e+04, 7.15718515625e+04, 7.15718515625e+04, 7.15718515625e+04, 7.15718515625e+04, 7.15718515625e+04, 7.15718515625e+04, 7.15718515625e+04, 7.15718515625e+04, 7.15718515625e+04, 7.15718515625e+04]
PEle.y=[2.282e+05, 2.3086421875e+05, 2.34437921875e+05, 2.3886634375e+05, 2.440946875e+05, 2.50505015625e+05, 2.58365515625e+05, 2.6678446875e+05, 2.74848625e+05, 2.8155040625e+05, 2.8624928125e+05, 2.8923690625e+05, 2.9085165625e+05, 2.8798528125e+05, 2.660506249999999e+05, 2.3664621875e+05, 2.15456828125e+05, 2.16365984375e+05, 2.26602453125e+05, 2.3889403125e+05, 2.5191303125e+05, 2.6434153125e+05, 2.7604490625e+05, 2.8883953125e+05, 3.0467728125e+05, 3.2551e+05, 4.7769846875e+05, 8.237466875e+05, 1.269821125000002e+06, 1.722088625e+06, 2.19874575e+06, 2.78470275e+06, 3.34193675e+06, 3.727717e+06, 3.871706e+06, 3.94197875e+06, 3.97402025e+06, 3.98823775e+06, 4.0024e+06, 4.0146235e+06, 4.0261785e+06, 4.04025675e+06, 4.0609505e+06, 4.09893e+06, 4.1477595e+06, 4.196341e+06, 4.2330575e+06, 4.2278145e+06, 4.17565175e+06, 4.08710225e+06, 3.9727e+06, 3.72718425e+06, 3.33675775e+06, 2.94915e+06, 2.71209025e+06, 2.65900625e+06, 2.64094975e+06, 2.64762475e+06, 2.67259425e+06, 2.715805e+06, 2.78338275e+06, 2.85312775e+06, 2.90091725e+06, 2.9039375e+06, 2.85718875e+06, 2.766643e+06, 2.6382145e+06, 2.47757975e+06, 2.290037749999998e+06, 2.088285125000002e+06, 1.886587375000002e+06, 1.69904275e+06, 1.529692875e+06, 1.37881975e+06, 1.249615e+06, 1.14527e+06, 1.20624125e+06, 1.4582545e+06, 1.732405e+06, 1.859788375e+06, 1.797245125e+06, 1.702895625e+06, 1.582826625e+06, 1.43888575e+06, 1.261844e+06, 1.0399563125e+06, 8.19803375e+05, 6.516313125e+05, 5.707306875e+05, 5.17414375e+05, 4.75351125e+05, 4.4092078125e+05, 4.1032425e+05, 3.793196875e+05, 3.4889834375e+05, 3.2119340625e+05, 2.28578546875e+05, 2.3139815625e+05, 2.35118125e+05, 2.39683671875e+05, 2.4504e+05]
pv.P=[0e+00, 0e+00, 0e+00, 0e+00, 0e+00, 0e+00, 0e+00, 0e+00, 0e+00, 0e+00, 0e+00, 0e+00, 0e+00, 0e+00, 0e+00, 0e+00, 0e+00, 0e+00, 0e+00, 0e+00, 0e+00, 0e+00, 0e+00, 0e+00, 0e+00, 0e+00, 0e+00, 0e+00, 0e+00, 0e+00, 0e+00, 0e+00, 4.122909851074219e+02, 2.205713623046875e+03, 5.350501464843766e+03, 9.77028222656248e+03, 1.662482421875e+04, 3.0772767578125e+04, 5.1690890625e+04, 7.8193171875e+04, 1.092887421875e+05, 1.449063125e+05, 1.826754375e+05, 2.19749e+05, 2.53422140625e+05, 2.8464659375e+05, 3.141856875e+05, 3.41763625e+05, 3.670901875e+05, 3.8772096875e+05, 4.026123125e+05, 4.1262159375e+05, 4.1860609375e+05, 4.20879e+05, 4.1871690625e+05, 4.116118124999999e+05, 3.990587187499999e+05, 3.818430312500002e+05, 3.62299e+05, 3.3945378125e+05, 3.121846875e+05, 2.802825625e+05, 2.472555625e+05, 2.139374375e+05, 1.80740265625e+05, 1.47932e+05, 1.149055390625e+05, 8.23967734375e+04, 5.146056640624975e+04, 2.353314062500021e+04, 6.598462402343852e+03, 6.33213005065918e+01, 0e+00, 0e+00, 0e+00, 0e+00, 0e+00, 0e+00, 0e+00, 0e+00, 0e+00, 0e+00, 0e+00, 0e+00, 0e+00, 0e+00, 0e+00, 0e+00, 0e+00, 0e+00, 0e+00, 0e+00, 0e+00, 0e+00, 0e+00, 0e+00, 0e+00, 0e+00, 0e+00, 0e+00, 0e+00]
bat.P=[-3.05792875e+05, -4.5336934375e+05, -4.445085625e+05, -4.490046875e+05, -4.5376346875e+05, -4.6115303125e+05, -4.6989146875e+05, -4.7930040625e+05, -4.8872246875e+05, -4.9720809375e+05, -5.0502346875e+05, -5.1224865625e+05, -5.1897825e+05, -5.2290140625e+05, -5.1425265625e+05, -5.033470625e+05, -5.035455e+05, -5.275043125000001e+05, -5.730675625e+05, -6.2688375e+05, -6.75506375e+05, -7.048246875e+05, -7.205835625e+05, -7.324778125e+05, -7.44226625e+05, -7.592944375e+05, -9.05405375e+05, 0e+00, 0e+00, 0e+00, 0e+00, 0e+00, 0e+00, 0e+00, 0e+00, 0e+00, 0e+00, 0e+00, 0e+00, 0e+00, 0e+00, 0e+00, 0e+00, 0e+00, 0e+00, 0e+00, 0e+00, 0e+00, 0e+00, 0e+00, 0e+00, 0e+00, 0e+00, 0e+00, 0e+00, 0e+00, 0e+00, 0e+00, 0e+00, 0e+00, 0e+00, 0e+00, 0e+00, 0e+00, 0e+00, 0e+00, 0e+00, 0e+00, 0e+00, 0e+00, 0e+00, 0e+00, 0e+00, 0e+00, 0e+00, 0e+00, 0e+00, 0e+00, 0e+00, 0e+00, 0e+00, 0e+00, 0e+00, 0e+00, 0e+00, 0e+00, 0e+00, 0e+00, 0e+00, 0e+00, 0e+00, 0e+00, 0e+00, 0e+00, 0e+00, 0e+00, 0e+00, 0e+00, 0e+00, 0e+00, 0e+00]
EGriBuy.y=[1.000000013351432e-10, 1.000000013351432e-10, 1.000000013351432e-10, 1.000000013351432e-10, 1.000000013351432e-10, 1.000000013351432e-10, 1.000000013351432e-10, 1.000000013351432e-10, 1.000000013351432e-10, 1.000000013351432e-10, 1.000000013351432e-10, 1.000000013351432e-10, 1.000000013351432e-10, 1.000000013351432e-10, 1.000000013351432e-10, 1.000000013351432e-10, 1.000000013351432e-10, 1.000000013351432e-10, 1.000000013351432e-10, 1.000000013351432e-10, 1.000000013351432e-10, 1.000000013351432e-10, 1.000000013351432e-10, 1.000000013351432e-10, 1.000000013351432e-10, 1.000000013351432e-10, 1.000000013351432e-10, 6.59437952e+08, 1.921610752000006e+09, 3.573058816e+09, 5.605298688e+09, 8.097799168e+09, 1.1086405632e+10, 1.4484097024e+10, 1.809474150400002e+10, 2.178349875199998e+10, 2.5506985984e+10, 2.9236955136e+10, 3.2959744e+10, 3.6669558784e+10, 4.0360267776e+10, 4.4029149184e+10, 4.767780864e+10, 5.1317899264e+10, 5.4966382592e+10, 5.8631303168e+10, 6.2308429824e+10, 6.5976020992e+10, 6.959374336e+10, 7.31283456e+10, 7.6557942784e+10, 7.9834955776e+10, 8.2818768896e+10, 8.5450563584e+10, 8.7799504896e+10, 9.003608473600002e+10, 9.224880947200002e+10, 9.446573670399998e+10, 9.670844416e+10, 9.8994610176e+10, 1.01348745216e+11, 1.03787388928e+11, 1.06304847872e+11, 1.08872859648e+11, 1.11449317376e+11, 1.13993842688e+11, 1.16471488512e+11, 1.18852493312e+11, 1.21111371776e+11, 1.23229855744e+11, 1.25196836864e+11, 1.27008038912e+11, 1.28670973952e+11, 1.30200576e+11, 1.31614654464e+11, 1.3293195264e+11, 1.34214098944e+11, 1.35643455488e+11, 1.37311248384e+11, 1.39162615808e+11, 1.41026377728e+11, 1.42814838784e+11, 1.445031936e+11, 1.46069815296e+11, 1.47493715968e+11, 1.48739096576e+11, 1.4978801664e+11, 1.50663610368e+11, 1.5142854656e+11, 1.52134385664e+11, 1.52794578944e+11, 1.5341715456e+11, 1.54007322624e+11, 1.54566803456e+11, 1.55095924736e+11, 1.55596587008e+11, 1.56057010176e+11, 1.56434382848e+11, 1.56815491072e+11, 1.57200777216e+11, 1.5759106048e+11]
EGriSel.y=[1.000000013351432e-10, 1.000000013351432e-10, 1.000000013351432e-10, 1.000000013351432e-10, 1.000000013351432e-10, 1.000000013351432e-10, 1.000000013351432e-10, 1.000000013351432e-10, 1.000000013351432e-10, 1.000000013351432e-10, 1.000000013351432e-10, 1.000000013351432e-10, 1.000000013351432e-10, 1.000000013351432e-10, 1.000000013351432e-10, 1.000000013351432e-10, 1.000000013351432e-10, 1.000000013351432e-10, 1.000000013351432e-10, 1.000000013351432e-10, 1.000000013351432e-10, 1.000000013351432e-10, 1.000000013351432e-10, 1.000000013351432e-10, 1.000000013351432e-10, 1.000000013351432e-10, 1.000000013351432e-10, 1.000000013351432e-10, 1.000000013351432e-10, 1.000000013351432e-10, 1.000000013351432e-10, 1.000000013351432e-10, 1.000000013351432e-10, 1.000000013351432e-10, 1.000000013351432e-10, 1.000000013351432e-10, 1.000000013351432e-10, 1.000000013351432e-10, 1.000000013351432e-10, 1.000000013351432e-10, 1.000000013351432e-10, 1.000000013351432e-10, 1.000000013351432e-10, 1.000000013351432e-10, 1.000000013351432e-10, 1.000000013351432e-10, 1.000000013351432e-10, 1.000000013351432e-10, 1.000000013351432e-10, 1.000000013351432e-10, 1.000000013351432e-10, 1.000000013351432e-10, 1.000000013351432e-10, 1.000000013351432e-10, 1.000000013351432e-10, 1.000000013351432e-10, 1.000000013351432e-10, 1.000000013351432e-10, 1.000000013351432e-10, 1.000000013351432e-10, 1.000000013351432e-10, 1.000000013351432e-10, 1.000000013351432e-10, 1.000000013351432e-10, 1.000000013351432e-10, 1.000000013351432e-10, 1.000000013351432e-10, 1.000000013351432e-10, 1.000000013351432e-10, 1.000000013351432e-10, 1.000000013351432e-10, 1.000000013351432e-10, 1.000000013351432e-10, 1.000000013351432e-10, 1.000000013351432e-10, 1.000000013351432e-10, 1.000000013351432e-10, 1.000000013351432e-10, 1.000000013351432e-10, 1.000000013351432e-10, 1.000000013351432e-10, 1.000000013351432e-10, 1.000000013351432e-10, 1.000000013351432e-10, 1.000000013351432e-10, 1.000000013351432e-10, 1.000000013351432e-10, 1.000000013351432e-10, 1.000000013351432e-10, 1.000000013351432e-10, 1.000000013351432e-10, 1.000000013351432e-10, 1.000000013351432e-10, 1.000000013351432e-10, 1.000000013351432e-10, 1.000000013351432e-10, 1.000000013351432e-10, 1.000000013351432e-10, 1.000000013351432e-10, 1.000000013351432e-10, 1.000000013351432e-10]
preCos_MEur.y=[2.497999954223633e+01, 2.497999954223633e+01, 2.497999954223633e+01, 2.497999954223633e+01, 2.497999954223633e+01, 2.497999954223633e+01, 2.497999954223633e+01, 2.497999954223633e+01, 2.497999954223633e+01, 2.497999954223633e+01, 2.497999954223633e+01, 2.497999954223633e+01, 2.497999954223633e+01, 2.497999954223633e+01, 2.497999954223633e+01, 2.497999954223633e+01, 2.497999954223633e+01, 2.497999954223633e+01, 2.497999954223633e+01, 2.497999954223633e+01, 2.497999954223633e+01, 2.497999954223633e+01, 2.497999954223633e+01, 2.497999954223633e+01, 2.497999954223633e+01, 2.497999954223633e+01, 2.497999954223633e+01, 2.498040962219238e+01, 2.498119163513184e+01, 2.498221397399902e+01, 2.498347473144531e+01, 2.498501968383789e+01, 2.498687171936035e+01, 2.498897933959961e+01, 2.49912166595459e+01, 2.499350357055664e+01, 2.499581146240234e+01, 2.499812316894531e+01, 2.500043106079102e+01, 2.500273132324219e+01, 2.500501823425293e+01, 2.500729370117188e+01, 2.500955581665039e+01, 2.501181221008301e+01, 2.501407432556152e+01, 2.50163459777832e+01, 2.501862525939941e+01, 2.502089881896973e+01, 2.502313995361328e+01, 2.502533149719238e+01, 2.502745819091797e+01, 2.502948951721191e+01, 2.503133964538574e+01, 2.50329704284668e+01, 2.503442573547363e+01, 2.503581237792969e+01, 2.503718376159668e+01, 2.503855895996094e+01, 2.503994941711426e+01, 2.504136657714844e+01, 2.504282569885254e+01, 2.504433631896973e+01, 2.50458984375e+01, 2.504748916625977e+01, 2.504908752441406e+01, 2.50506649017334e+01, 2.505220031738281e+01, 2.505367660522461e+01, 2.505507659912109e+01, 2.505638885498047e+01, 2.505760955810547e+01, 2.505873107910156e+01, 2.505976295471191e+01, 2.506071090698242e+01, 2.506158638000488e+01, 2.506240463256836e+01, 2.506319808959961e+01, 2.506408500671387e+01, 2.506511878967285e+01, 2.50662670135498e+01, 2.506742095947266e+01, 2.506853103637695e+01, 2.506957626342773e+01, 2.507054710388184e+01, 2.507143020629883e+01, 2.507220268249512e+01, 2.507285308837891e+01, 2.507339477539062e+01, 2.50738697052002e+01, 2.507430648803711e+01, 2.507471656799316e+01, 2.507510185241699e+01, 2.507546806335449e+01, 2.507581520080566e+01, 2.507614326477051e+01, 2.507645416259766e+01, 2.507673835754395e+01, 2.507697296142578e+01, 2.507720947265625e+01, 2.507744789123535e+01, 2.507769012451172e+01]
conBat.PBat=[-3.05792875e+05, -4.5336934375e+05, -4.445085625e+05, -4.490046875e+05, -4.5376346875e+05, -4.6115303125e+05, -4.6989146875e+05, -4.7930040625e+05, -4.8872246875e+05, -4.9720809375e+05, -5.0502346875e+05, -5.1224865625e+05, -5.1897825e+05, -5.2290140625e+05, -5.1425265625e+05, -5.033470625e+05, -5.035455e+05, -5.275043125000001e+05, -5.730675625e+05, -6.2688375e+05, -6.75506375e+05, -7.048246875e+05, -7.205835625e+05, -7.324778125e+05, -7.44226625e+05, -7.592944375e+05, -9.05405375e+05, 0e+00, 0e+00, 0e+00, 0e+00, 0e+00, 0e+00, 0e+00, 0e+00, 0e+00, 0e+00, 0e+00, 0e+00, 0e+00, 0e+00, 0e+00, 0e+00, 0e+00, 0e+00, 0e+00, 0e+00, 0e+00, 0e+00, 0e+00, 0e+00, 0e+00, 0e+00, 0e+00, 0e+00, 0e+00, 0e+00, 0e+00, 0e+00, 0e+00, 0e+00, 0e+00, 0e+00, 0e+00, 0e+00, 0e+00, 0e+00, 0e+00, 0e+00, 0e+00, 0e+00, 0e+00, 0e+00, 0e+00, 0e+00, 0e+00, 0e+00, 0e+00, 0e+00, 0e+00, 0e+00, 0e+00, 0e+00, 0e+00, 0e+00, 0e+00, 0e+00, 0e+00, 0e+00, 0e+00, 0e+00, 0e+00, 0e+00, 0e+00, 0e+00, 0e+00, 0e+00, 0e+00, 0e+00, 0e+00, 0e+00]
conBat.soc=[5e-01, 4.864051043987274e-01, 4.743830561637878e-01, 4.623481333255768e-01, 4.501921832561493e-01, 4.378747642040253e-01, 4.253354668617249e-01, 4.125517010688782e-01, 3.995115458965302e-01, 3.862297236919403e-01, 3.727289438247681e-01, 3.59025627374649e-01, 3.451347053050995e-01, 3.31078976392746e-01, 3.17089021205902e-01, 3.033925294876099e-01, 2.898701429367065e-01, 2.760458290576934e-01, 2.612547874450684e-01, 2.450960576534271e-01, 2.275262027978897e-01, 2.088777869939804e-01, 1.896666884422302e-01, 1.700904369354248e-01, 1.502036452293396e-01, 1.299619227647781e-01, 1.080787405371666e-01, 1.000000014901161e-01, 1.000000014901161e-01, 1.000000014901161e-01, 1.000000014901161e-01, 1.000000014901161e-01, 1.000000014901161e-01, 1.000000014901161e-01, 1.000000014901161e-01, 1.000000014901161e-01, 1.000000014901161e-01, 1.000000014901161e-01, 1.000000014901161e-01, 1.000000014901161e-01, 1.000000014901161e-01, 1.000000014901161e-01, 1.000000014901161e-01, 1.000000014901161e-01, 1.000000014901161e-01, 1.000000014901161e-01, 1.000000014901161e-01, 1.000000014901161e-01, 1.000000014901161e-01, 1.000000014901161e-01, 1.000000014901161e-01, 1.000000014901161e-01, 1.000000014901161e-01, 1.000000014901161e-01, 1.000000014901161e-01, 1.000000014901161e-01, 1.000000014901161e-01, 1.000000014901161e-01, 1.000000014901161e-01, 1.000000014901161e-01, 1.000000014901161e-01, 1.000000014901161e-01, 1.000000014901161e-01, 1.000000014901161e-01, 1.000000014901161e-01, 1.000000014901161e-01, 1.000000014901161e-01, 1.000000014901161e-01, 1.000000014901161e-01, 1.000000014901161e-01, 1.000000014901161e-01, 1.000000014901161e-01, 1.000000014901161e-01, 1.000000014901161e-01, 1.000000014901161e-01, 1.000000014901161e-01, 1.000000014901161e-01, 1.000000014901161e-01, 1.000000014901161e-01, 1.000000014901161e-01, 1.000000014901161e-01, 1.000000014901161e-01, 1.000000014901161e-01, 1.000000014901161e-01, 1.000000014901161e-01, 1.000000014901161e-01, 1.000000014901161e-01, 1.000000014901161e-01, 1.000000014901161e-01, 1.000000014901161e-01, 1.000000014901161e-01, 1.000000014901161e-01, 1.000000014901161e-01, 1.000000014901161e-01, 1.000000014901161e-01, 1.000000014901161e-01, 1.000000014901161e-01, 1.000000014901161e-01, 1.000000014901161e-01, 1.000000014901161e-01, 1.000000014901161e-01]
