last-generated=2025-10-10
statistics-simulation=
{
  "linear": " ",
  "nonlinear": " ",
  "numerical Jacobians": "0"
}
time=[0e+00, 1.2e+02]
con.PGen=[0e+00, 0e+00, 0e+00, 0e+00, 0e+00, 0e+00, 0e+00, 0e+00, 0e+00, 0e+00, 0e+00, 0e+00, 0e+00, 0e+00, 0e+00, 0e+00, 0e+00, 0e+00, 0e+00, 0e+00, 0e+00, 0e+00, 0e+00, 0e+00, 0e+00, 0e+00, 1.999998728443142e+01, 3.999997456886285e+01, 6.000002543113727e+01, 8.000001271556857e+01, 1e+02, 1.199999872844314e+02, 1.399999745688627e+02, 1.600000254311373e+02, 1.800000127155687e+02, 2e+02, 2.199999872844313e+02, 2.399999745688627e+02, 2.600000254311373e+02, 2.800000127155687e+02, 3e+02, 3.199999872844313e+02, 3.399999745688627e+02, 3.600000254311373e+02, 3.800000127155686e+02, 4e+02, 4.199999872844314e+02, 4.399999745688627e+02, 4.600000254311371e+02, 4.800000127155686e+02, 5e+02, 5.199999872844314e+02, 5.399999745688629e+02, 5.600000254311373e+02, 5.799999491385341e+02, 6e+02, 6.200000508614661e+02, 6.399999745684584e+02, 6.600000254315414e+02, 6.799999491385339e+02, 7e+02, 7.200000508614661e+02, 7.399999745684586e+02, 7.600000254315414e+02, 7.799999491385339e+02, 8e+02, 8.200000508614661e+02, 8.399999745684586e+02, 8.600000254315416e+02, 8.799999491385339e+02, 9e+02, 9.200000508614659e+02, 9.399999745684584e+02, 9.600000254315414e+02, 9.799999491385339e+02, 1e+03, 1e+03, 1e+03, 1e+03, 1e+03, 1e+03, 1e+03, 1e+03, 1e+03, 1e+03, 1e+03, 1e+03, 1e+03, 1e+03, 1e+03, 1e+03, 1e+03, 1e+03, 1e+03, 1e+03, 1e+03, 1e+03, 1e+03, 1e+03, 1e+03, 1e+03]
con.PLoa=[1e+03, 1e+03, 1e+03, 1e+03, 1e+03, 1e+03, 1e+03, 1e+03, 1e+03, 1e+03, 1e+03, 1e+03, 1e+03, 1e+03, 1e+03, 1e+03, 1e+03, 1e+03, 1e+03, 1e+03, 1e+03, 1e+03, 1e+03, 1e+03, 1e+03, 1e+03, 9.800000127155686e+02, 9.600000254311371e+02, 9.399999745688627e+02, 9.199999872844314e+02, 9e+02, 8.800000127155686e+02, 8.600000254311373e+02, 8.399999745688627e+02, 8.199999872844313e+02, 8e+02, 7.800000127155687e+02, 7.600000254311373e+02, 7.399999745688627e+02, 7.199999872844313e+02, 7e+02, 6.800000127155687e+02, 6.600000254311373e+02, 6.399999745688627e+02, 6.199999872844314e+02, 6e+02, 5.800000127155686e+02, 5.600000254311373e+02, 5.399999745688629e+02, 5.199999872844314e+02, 5e+02, 4.800000127155686e+02, 4.600000254311371e+02, 4.399999745688627e+02, 4.200000508614659e+02, 4e+02, 3.799999491385339e+02, 3.600000254315416e+02, 3.399999745684586e+02, 3.200000508614661e+02, 3e+02, 2.799999491385339e+02, 2.600000254315414e+02, 2.399999745684586e+02, 2.200000508614661e+02, 2e+02, 1.799999491385339e+02, 1.600000254315414e+02, 1.399999745684584e+02, 1.200000508614661e+02, 1e+02, 7.999994913853411e+01, 6.000002543154161e+01, 3.999997456845863e+01, 2.000005086146613e+01, 0e+00, 0e+00, 0e+00, 0e+00, 0e+00, 0e+00, 0e+00, 0e+00, 0e+00, 0e+00, 0e+00, 0e+00, 0e+00, 0e+00, 0e+00, 0e+00, 0e+00, 0e+00, 0e+00, 0e+00, 0e+00, 0e+00, 0e+00, 0e+00, 0e+00, 0e+00]
con.soc=[0e+00, 0e+00, 0e+00, 0e+00, 0e+00, 0e+00, 0e+00, 0e+00, 0e+00, 0e+00, 0e+00, 0e+00, 0e+00, 0e+00, 0e+00, 0e+00, 0e+00, 0e+00, 0e+00, 0e+00, 0e+00, 0e+00, 0e+00, 0e+00, 0e+00, 0e+00, 1e+00, 1e+00, 1e+00, 1e+00, 1e+00, 1e+00, 1e+00, 1e+00, 1e+00, 1e+00, 1e+00, 1e+00, 1e+00, 1e+00, 1e+00, 1e+00, 1e+00, 1e+00, 1e+00, 1e+00, 1e+00, 1e+00, 1e+00, 1e+00, 1e+00, 0e+00, 0e+00, 0e+00, 0e+00, 0e+00, 0e+00, 0e+00, 0e+00, 0e+00, 0e+00, 0e+00, 0e+00, 0e+00, 0e+00, 0e+00, 0e+00, 0e+00, 0e+00, 0e+00, 0e+00, 0e+00, 0e+00, 0e+00, 0e+00, 0e+00, 1e+00, 1e+00, 1e+00, 1e+00, 1e+00, 1e+00, 1e+00, 1e+00, 1e+00, 1e+00, 1e+00, 1e+00, 1e+00, 1e+00, 1e+00, 1e+00, 1e+00, 1e+00, 1e+00, 1e+00, 1e+00, 1e+00, 1e+00, 1e+00, 1e+00]
con.PBat=[0e+00, 0e+00, 0e+00, 0e+00, 0e+00, 0e+00, 0e+00, 0e+00, 0e+00, 0e+00, 0e+00, 0e+00, 0e+00, 0e+00, 0e+00, 0e+00, 0e+00, 0e+00, 0e+00, 0e+00, 0e+00, 0e+00, 0e+00, 0e+00, 0e+00, 0e+00, -6e+02, -6e+02, -6e+02, -6e+02, -6e+02, -6e+02, -6e+02, -6e+02, -6e+02, -6e+02, -5.600000254311374e+02, -5.200000508622745e+02, -4.799999491377255e+02, -4.399999745688626e+02, -4e+02, -3.600000254311374e+02, -3.200000508622745e+02, -2.799999491377255e+02, -2.399999745688629e+02, -2e+02, 0e+00, 0e+00, 0e+00, 0e+00, 0e+00, 0e+00, 0e+00, 0e+00, 0e+00, 0e+00, 2.400001017229323e+02, 2.799999491369168e+02, 3.200000508630828e+02, 3.599998982770678e+02, 4e+02, 4.400001017229322e+02, 4.799999491369172e+02, 5.200000508630827e+02, 5.599998982770677e+02, 6e+02, 6e+02, 6e+02, 6e+02, 6e+02, 6e+02, 6e+02, 6e+02, 6e+02, 6e+02, 6e+02, 0e+00, 0e+00, 0e+00, 0e+00, 0e+00, 0e+00, 0e+00, 0e+00, 0e+00, 0e+00, 0e+00, 0e+00, 0e+00, 0e+00, 0e+00, 0e+00, 0e+00, 0e+00, 0e+00, 0e+00, 0e+00, 0e+00, 0e+00, 0e+00, 0e+00]
