last-generated=2025-10-10
statistics-initialization=
{
  "nonlinear": "1, 1, 1, 1, 1, 1, 1, 1",
  "numerical Jacobians": "0"
}
statistics-simulation=
{
  "linear": " ",
  "nonlinear": "2, 2, 2, 1, 1, 1, 1, 1, 1",
  "number of continuous time states": "25",
  "numerical Jacobians": "0"
}
time=[0e+00, 8.64e+04]
hea.P=[1.742004028320312e+03, 1.197356640625e+05, 1.221389921875e+05, 1.24463796875e+05, 1.26793671875e+05, 1.2912828125e+05, 1.3146703125e+05, 1.3381040625e+05, 1.36158953125e+05, 1.387035625e+05, 1.4202275e+05, 1.46108359375e+05, 1.5091240625e+05, 1.57370125e+05, 1.7028221875e+05, 1.8824090625e+05, 2.08813e+05, 2.306668437500001e+05, 2.644103125e+05, 3.0407859375e+05, 3.375470625e+05, 3.520691875e+05, 3.536008125e+05, 3.500865625e+05, 3.4337225e+05, 3.350423125e+05, 3.264843125e+05, 3.179916875e+05, 3.094558124999999e+05, 3.00774625e+05, 2.917931875e+05, 2.8257628125e+05, 2.7349146875e+05, 2.64896875e+05, 2.572436875e+05, 2.5080109375e+05, 2.4511528125e+05, 2.39709171875e+05, 2.34187375e+05, 2.28780875e+05, 2.23753640625e+05, 2.1932590625e+05, 2.15845046875e+05, 2.14650765625e+05, 2.1482884375e+05, 2.1488415625e+05, 2.1334809375e+05, 2.1033484375e+05, 2.06858984375e+05, 2.035973125e+05, 2.01221296875e+05, 1.99616015625e+05, 1.982426875e+05, 1.9710509375e+05, 1.96202375e+05, 1.95702625e+05, 1.95637359375e+05, 1.95541296875e+05, 1.94944703125e+05, 1.93560640625e+05, 1.91812890625e+05, 1.8993296875e+05, 1.88123125e+05, 1.86547890625e+05, 1.85107015625e+05, 1.83751125e+05, 1.8245528125e+05, 1.81246e+05, 1.806859375e+05, 1.8073884375e+05, 1.8116703125e+05, 1.818159375e+05, 1.85560484375e+05, 1.91682e+05, 1.97210546875e+05, 1.9913615625e+05, 1.97005140625e+05, 1.92830671875e+05, 1.8736503125e+05, 1.813635625e+05, 1.74314703125e+05, 1.654955625e+05, 1.56939125e+05, 1.5065425e+05, 1.48521375e+05, 1.50116140625e+05, 1.53021328125e+05, 1.547644375e+05, 1.5354334375e+05, 1.5181059375e+05, 1.5006659375e+05, 1.48295078125e+05, 1.4648434375e+05, 1.4467315625e+05, 1.42864515625e+05, 1.410464375e+05, 1.1685740625e+05, 1.202054921875e+05, 1.22526109375e+05, 1.2485175e+05, 1.271824921875e+05]
dhw.P=[1.473856323242188e+03, 3.0865513671875e+04, 1.786266015625e+04, 1.38461376953125e+04, 1.16203740234375e+04, 9.9397265625e+03, 8.4573466796875e+03, 7.184968261718749e+03, 6.117099609375e+03, 5.39095654296875e+03, 5.18163525390625e+03, 5.3273203125e+03, 5.6454453125e+03, 5.97249462890625e+03, 6.348080566406251e+03, 6.88840771484375e+03, 7.70351416015625e+03, 8.899897460937504e+03, 1.0482845703125e+04, 1.23393876953125e+04, 1.4474734375e+04, 1.684294140625e+04, 1.936598046875e+04, 2.1979865234375e+04, 2.4605212890625e+04, 2.7170248046875e+04, 2.9650685546875e+04, 3.204073828125e+04, 3.429456640625001e+04, 3.6365859375e+04, 3.772907421875e+04, 3.796219921875e+04, 3.784274609375e+04, 3.816315625e+04, 3.951329296875001e+04, 4.145314062499999e+04, 4.351876953125e+04, 4.52636015625e+04, 4.628647265625e+04, 4.674603125e+04, 4.703747265625e+04, 4.754470703125e+04, 4.86066796875e+04, 4.98924375e+04, 5.123985546875e+04, 5.26263828125e+04, 5.403320703125e+04, 5.556930859375e+04, 5.72137890625e+04, 5.88538125e+04, 6.036181640625e+04, 6.108141015625e+04, 6.063071875e+04, 5.930902734375e+04, 5.7389359375e+04, 5.428895703124996e+04, 4.945200781249996e+04, 4.438272265625004e+04, 4.05715234375e+04, 3.88197734375e+04, 3.775669921875e+04, 3.7194328125e+04, 3.70551015625e+04, 3.724886328125e+04, 3.768591796875e+04, 3.84599453125e+04, 3.96850546875e+04, 4.156061328125e+04, 4.493698437500004e+04, 4.916928906249996e+04, 5.321995312499997e+04, 5.603366015625e+04, 5.7351203125e+04, 5.79300234375e+04, 5.8528828125e+04, 5.989998046875e+04, 6.27202265625e+04, 6.65525859375e+04, 7.04903203125e+04, 7.3615828125e+04, 7.55358828125e+04, 7.6549890625e+04, 7.62266953125e+04, 7.41285390625e+04, 7.01743046875e+04, 6.5465421875e+04, 6.0540421875e+04, 5.583449609375e+04, 5.1701640625e+04, 4.77025234375e+04, 4.383894140625e+04, 4.02154375e+04, 3.694641796875e+04, 3.421985546875e+04, 3.199516015625e+04, 3.0180451171875e+04, 1.72016796875e+04, 1.5772888671875e+04, 1.41305791015625e+04, 1.25783291015625e+04, 1.1076017578125e+04]
coo.P=[7.4377015625e+04, 7.1903921875e+04, 7.00688671875e+04, 7.18285e+04, 7.12547265625e+04, 7.15800859375e+04, 7.160153125e+04, 7.15205703125e+04, 7.15978046875e+04, 7.1563109375e+04, 7.1569796875e+04, 7.15760703125e+04, 7.15687578125e+04, 7.157309375e+04, 7.1571765625e+04, 7.15715078125e+04, 7.15721796875e+04, 7.1571671875e+04, 7.157190625e+04, 7.15718671875e+04, 7.15718203125e+04, 7.1571875e+04, 7.157184375e+04, 7.15718515625e+04, 7.15718515625e+04, 7.15718515625e+04, 7.15718515625e+04, 7.15718515625e+04, 7.15718515625e+04, 7.15718515625e+04, 7.15718515625e+04, 7.15718515625e+04, 7.15718515625e+04, 7.15718515625e+04, 7.15718515625e+04, 7.15718515625e+04, 7.15718515625e+04, 7.15718515625e+04, 7.15718515625e+04, 7.15718515625e+04, 7.15718515625e+04, 7.15718515625e+04, 7.15718515625e+04, 7.15718515625e+04, 7.15718515625e+04, 7.15718515625e+04, 7.15718515625e+04, 7.15718515625e+04, 7.15718515625e+04, 7.15718515625e+04, 7.15718515625e+04, 7.15718515625e+04, 7.15718515625e+04, 7.15718515625e+04, 7.15718515625e+04, 7.15718515625e+04, 7.15718515625e+04, 7.15718515625e+04, 7.15718515625e+04, 7.15718515625e+04, 7.15718515625e+04, 7.15718515625e+04, 7.15718515625e+04, 7.15718515625e+04, 7.15718515625e+04, 7.15718515625e+04, 7.15718515625e+04, 7.15718515625e+04, 7.15718515625e+04, 7.15718515625e+04, 7.15718515625e+04, 7.15718515625e+04, 7.15718515625e+04, 7.15718515625e+04, 7.15718515625e+04, 7.15718515625e+04, 7.15718515625e+04, 7.15718515625e+04, 7.15718515625e+04, 7.15718515625e+04, 7.15718515625e+04, 7.15718515625e+04, 7.15718515625e+04, 7.15718515625e+04, 7.15718515625e+04, 7.15718515625e+04, 7.15718515625e+04, 7.15718515625e+04, 7.15718515625e+04, 7.15718515625e+04, 7.15718515625e+04, 7.15718515625e+04, 7.15718515625e+04, 7.15718515625e+04, 7.15718515625e+04, 7.15718515625e+04, 7.15718515625e+04, 7.15718515625e+04, 7.15718515625e+04, 7.15718515625e+04, 7.15718515625e+04]
PEle.y=[2.282e+05, 2.3086421875e+05, 2.34437921875e+05, 2.3886634375e+05, 2.440946875e+05, 2.50505015625e+05, 2.58365515625e+05, 2.6678446875e+05, 2.74848625e+05, 2.8155040625e+05, 2.8624928125e+05, 2.8923690625e+05, 2.9085165625e+05, 2.8798528125e+05, 2.660506249999999e+05, 2.3664621875e+05, 2.15456828125e+05, 2.16365984375e+05, 2.26602453125e+05, 2.3889403125e+05, 2.5191303125e+05, 2.6434153125e+05, 2.7604490625e+05, 2.8883953125e+05, 3.0467728125e+05, 3.2551e+05, 4.7769846875e+05, 8.237466875e+05, 1.269821125000002e+06, 1.722088625e+06, 2.19874575e+06, 2.78470275e+06, 3.34193675e+06, 3.727717e+06, 3.871706e+06, 3.94197875e+06, 3.97402025e+06, 3.98823775e+06, 4.0024e+06, 4.0146235e+06, 4.0261785e+06, 4.04025675e+06, 4.0609505e+06, 4.09893e+06, 4.1477595e+06, 4.196341e+06, 4.2330575e+06, 4.2278145e+06, 4.17565175e+06, 4.08710225e+06, 3.9727e+06, 3.72718425e+06, 3.33675775e+06, 2.94915e+06, 2.71209025e+06, 2.65900625e+06, 2.64094975e+06, 2.64762475e+06, 2.67259425e+06, 2.715805e+06, 2.78338275e+06, 2.85312775e+06, 2.90091725e+06, 2.9039375e+06, 2.85718875e+06, 2.766643e+06, 2.6382145e+06, 2.47757975e+06, 2.290037749999998e+06, 2.088285125000002e+06, 1.886587375000002e+06, 1.69904275e+06, 1.529692875e+06, 1.37881975e+06, 1.249615e+06, 1.14527e+06, 1.20624125e+06, 1.4582545e+06, 1.732405e+06, 1.859788375e+06, 1.797245125e+06, 1.702895625e+06, 1.582826625e+06, 1.43888575e+06, 1.261844e+06, 1.0399563125e+06, 8.19803375e+05, 6.516313125e+05, 5.707306875e+05, 5.17414375e+05, 4.75351125e+05, 4.4092078125e+05, 4.1032425e+05, 3.793196875e+05, 3.4889834375e+05, 3.2119340625e+05, 2.28578546875e+05, 2.3139815625e+05, 2.35118125e+05, 2.39683671875e+05, 2.4504e+05]
EGriBuy.y=[1.000000013351432e-10, 4.36025472e+08, 8.21605312e+08, 1.20759808e+09, 1.597472512e+09, 1.99252608e+09, 2.394695168e+09, 2.804706048e+09, 3.222938624e+09, 3.648923392e+09, 4.081929472e+09, 4.521432576e+09, 4.966952448e+09, 5.417759232e+09, 5.866457088000001e+09, 6.305752576e+09, 6.739453952e+09, 7.182836224000001e+09, 7.657225728e+09, 8.175480832e+09, 8.738994176e+09, 9.33709824e+09, 9.953250304e+09, 1.058111488e+10, 1.1218936832e+10, 1.1868095488e+10, 1.2569900032e+10, 1.3488384e+10, 1.475047219200001e+10, 1.6401939456e+10, 1.843427328e+10, 2.0926775296e+10, 2.3915470848e+10, 2.7314192384e+10, 3.092795596800002e+10, 3.462314393599998e+10, 3.8357655552e+10, 4.2107645952e+10, 4.586565632e+10, 4.9631215616e+10, 5.3402591232e+10, 5.7181032448e+10, 6.097117184e+10, 6.4785260544e+10, 6.8638457856e+10, 7.2535916544e+10, 7.647182848e+10, 8.0422944768e+10, 8.4347052032e+10, 8.8208154624e+10, 9.1979661312e+10, 9.56092416e+10, 9.8952323072e+10, 1.01946793984e+11, 1.04658468864e+11, 1.07254341632e+11, 1.09817675776e+11, 1.123721216e+11, 1.1493650432e+11, 1.17526110208e+11, 1.20162115584e+11, 1.2285689856e+11, 1.25602291712e+11, 1.2836954112e+11, 1.31116449792e+11, 1.3380292608e+11, 1.3639409664e+11, 1.38860249088e+11, 1.41176815616e+11, 1.4332731392e+11, 1.45306386432e+11, 1.47119849472e+11, 1.4878277632e+11, 1.50312370176e+11, 1.51726456832e+11, 1.53043746816e+11, 1.54325925888e+11, 1.55755331584e+11, 1.57423271936e+11, 1.59275237376e+11, 1.6113901568e+11, 1.62927460352e+11, 1.64615831552e+11, 1.66182453248e+11, 1.67606386688e+11, 1.6885178368e+11, 1.69900703744e+11, 1.70776313856e+11, 1.71541233664e+11, 1.72247056384e+11, 1.72907200512e+11, 1.73529792512e+11, 1.74119944192e+11, 1.74679425024e+11, 1.75208562688e+11, 1.75709175808e+11, 1.76169566208e+11, 1.7654693888e+11, 1.76928063488e+11, 1.77313349632e+11, 1.77703632896e+11]
EGriSel.y=[1.000000013351432e-10, 1.000000013351432e-10, 1.000000013351432e-10, 1.000000013351432e-10, 1.000000013351432e-10, 1.000000013351432e-10, 1.000000013351432e-10, 1.000000013351432e-10, 1.000000013351432e-10, 1.000000013351432e-10, 1.000000013351432e-10, 1.000000013351432e-10, 1.000000013351432e-10, 1.000000013351432e-10, 1.000000013351432e-10, 1.000000013351432e-10, 1.000000013351432e-10, 1.000000013351432e-10, 1.000000013351432e-10, 1.000000013351432e-10, 1.000000013351432e-10, 1.000000013351432e-10, 1.000000013351432e-10, 1.000000013351432e-10, 1.000000013351432e-10, 1.000000013351432e-10, 1.000000013351432e-10, 1.000000013351432e-10, 1.000000013351432e-10, 1.000000013351432e-10, 1.000000013351432e-10, 1.000000013351432e-10, 1.000000013351432e-10, 1.000000013351432e-10, 1.000000013351432e-10, 1.000000013351432e-10, 1.000000013351432e-10, 1.000000013351432e-10, 1.000000013351432e-10, 1.000000013351432e-10, 1.000000013351432e-10, 1.000000013351432e-10, 1.000000013351432e-10, 1.000000013351432e-10, 1.000000013351432e-10, 1.000000013351432e-10, 1.000000013351432e-10, 1.000000013351432e-10, 1.000000013351432e-10, 1.000000013351432e-10, 1.000000013351432e-10, 1.000000013351432e-10, 1.000000013351432e-10, 1.000000013351432e-10, 1.000000013351432e-10, 1.000000013351432e-10, 1.000000013351432e-10, 1.000000013351432e-10, 1.000000013351432e-10, 1.000000013351432e-10, 1.000000013351432e-10, 1.000000013351432e-10, 1.000000013351432e-10, 1.000000013351432e-10, 1.000000013351432e-10, 1.000000013351432e-10, 1.000000013351432e-10, 1.000000013351432e-10, 1.000000013351432e-10, 1.000000013351432e-10, 1.000000013351432e-10, 1.000000013351432e-10, 1.000000013351432e-10, 1.000000013351432e-10, 1.000000013351432e-10, 1.000000013351432e-10, 1.000000013351432e-10, 1.000000013351432e-10, 1.000000013351432e-10, 1.000000013351432e-10, 1.000000013351432e-10, 1.000000013351432e-10, 1.000000013351432e-10, 1.000000013351432e-10, 1.000000013351432e-10, 1.000000013351432e-10, 1.000000013351432e-10, 1.000000013351432e-10, 1.000000013351432e-10, 1.000000013351432e-10, 1.000000013351432e-10, 1.000000013351432e-10, 1.000000013351432e-10, 1.000000013351432e-10, 1.000000013351432e-10, 1.000000013351432e-10, 1.000000013351432e-10, 1.000000013351432e-10, 1.000000013351432e-10, 1.000000013351432e-10, 1.000000013351432e-10]
preCos_MEur.y=[1.033158000922496e-22, 2.702899219002575e-04, 5.09308825712651e-04, 7.485837559215724e-04, 9.902649326249957e-04, 1.235156552866101e-03, 1.484459149651229e-03, 1.73862255178392e-03, 1.997882965952158e-03, 2.261948538944125e-03, 2.530366880819201e-03, 2.802812494337559e-03, 3.078987821936607e-03, 3.358440706506371e-03, 3.63658624701202e-03, 3.908903338015079e-03, 4.177752416580915e-03, 4.452602937817574e-03, 4.746674560010433e-03, 5.067938007414341e-03, 5.417256616055965e-03, 5.788018461316824e-03, 6.169968284666538e-03, 6.55917776748538e-03, 6.954560521990061e-03, 7.356970105320215e-03, 7.792015559971333e-03, 8.361378684639931e-03, 9.14374087005854e-03, 1.016747672110796e-02, 1.1427310295403e-02, 1.297239866107702e-02, 1.48250749334693e-02, 1.69319249689579e-02, 1.917207799851895e-02, 2.146270684897899e-02, 2.377771027386189e-02, 2.610231190919876e-02, 2.843188121914864e-02, 3.076613135635853e-02, 3.310398757457733e-02, 3.544622287154198e-02, 3.779571130871773e-02, 4.016004502773285e-02, 4.254862293601036e-02, 4.496463760733604e-02, 4.740448668599129e-02, 4.985376074910164e-02, 5.2286297082901e-02, 5.467977374792099e-02, 5.701771378517151e-02, 5.926766991615295e-02, 6.134003028273582e-02, 6.319628655910492e-02, 6.487724184989929e-02, 6.648640334606172e-02, 6.807540357112886e-02, 6.965889036655425e-02, 7.124853879213333e-02, 7.285382598638535e-02, 7.448787242174149e-02, 7.615835219621658e-02, 7.786020636558533e-02, 7.957561314105988e-02, 8.127839863300323e-02, 8.294373750686646e-02, 8.454999327659607e-02, 8.607874810695648e-02, 8.7514765560627e-02, 8.884786069393157e-02, 9.007467329502104e-02, 9.119882434606552e-02, 9.222966432571411e-02, 9.317785501480103e-02, 9.40544381737709e-02, 9.487102180719376e-02, 9.56658348441124e-02, 9.655191749334335e-02, 9.758586436510086e-02, 9.873389452695847e-02, 9.988923370838165e-02, 1.009978875517845e-01, 1.020444929599762e-01, 1.030156388878822e-01, 1.03898324072361e-01, 1.04670338332653e-01, 1.053205579519272e-01, 1.058633476495743e-01, 1.063375174999237e-01, 1.067750528454781e-01, 1.071842685341835e-01, 1.075702160596848e-01, 1.079360470175743e-01, 1.082828715443611e-01, 1.086108684539795e-01, 1.089212000370026e-01, 1.092066019773483e-01, 1.094405353069305e-01, 1.096767857670784e-01, 1.099156141281128e-01, 1.101575568318367e-01]
