last-generated=2025-10-10
statistics-initialization=
{
  "nonlinear": "0, 1, 0, 1, 1, 0, 3, 0, 1, 1, 1, 1, 1",
  "numerical Jacobians": "0"
}
statistics-simulation=
{
  "linear": " ",
  "nonlinear": "4, 1, 1, 1, 1, 1, 1",
  "number of continuous time states": "25",
  "numerical Jacobians": "0"
}
time=[0e+00, 8.64e+04]
hea.P=[2.158368896484375e+03, 1.20153828125e+05, 1.225586875e+05, 1.24884484375e+05, 1.27214140625e+05, 1.29548890625e+05, 1.31887375e+05, 1.34230953125e+05, 1.3657953125e+05, 1.39124359375e+05, 1.42443765625e+05, 1.46529703125e+05, 1.51334125e+05, 1.5779321875e+05, 1.70708953125e+05, 1.88672703125e+05, 2.092505e+05, 2.311107343750001e+05, 2.6488378125e+05, 3.04589e+05, 3.3807540625e+05, 3.528115e+05, 3.547104375e+05, 3.5102553125e+05, 3.4378453125e+05, 3.3543196875e+05, 3.2688959375e+05, 3.1839059375e+05, 3.098564062499999e+05, 3.0117659375e+05, 2.921956875e+05, 2.829794375e+05, 2.738964375e+05, 2.65304375e+05, 2.5765428125e+05, 2.51214203125e+05, 2.45529734375e+05, 2.40124e+05, 2.34601890625e+05, 2.2919571875e+05, 2.2416909375e+05, 2.19742234375e+05, 2.16262796875e+05, 2.15070828125e+05, 2.1525003125e+05, 2.15305015625e+05, 2.13767375e+05, 2.1075265625e+05, 2.07276453125e+05, 2.04015046875e+05, 2.016399375e+05, 2.00034625e+05, 1.98661390625e+05, 1.97523734375e+05, 1.9662109375e+05, 1.9612134375e+05, 1.960560625e+05, 1.9596e+05, 1.95363375e+05, 1.93979265625e+05, 1.92231390625e+05, 1.903515e+05, 1.88541828125e+05, 1.86967015625e+05, 1.85526125e+05, 1.8417034375e+05, 1.828745625e+05, 1.81665390625e+05, 1.81106203125e+05, 1.8115953125e+05, 1.8158784375e+05, 1.82236359375e+05, 1.8598346875e+05, 1.921065625e+05, 1.97634796875e+05, 1.99557140625e+05, 1.97423828125e+05, 1.93247953125e+05, 1.87781421875e+05, 1.817794375e+05, 1.74729546875e+05, 1.65909921875e+05, 1.5735409375e+05, 1.5107053125e+05, 1.48939578125e+05, 1.50535546875e+05, 1.5344115625e+05, 1.551836875e+05, 1.53961671875e+05, 1.5222875e+05, 1.50484859375e+05, 1.4871346875e+05, 1.46902875e+05, 1.4509184375e+05, 1.4328334375e+05, 1.41465390625e+05, 1.172645234375e+05, 1.206263046875e+05, 1.229468828125e+05, 1.25272296875e+05, 1.276031640625e+05]
dhw.P=[1.88608740234375e+03, 3.12417890625e+04, 1.830068359375e+04, 1.42698056640625e+04, 1.204962890625e+04, 1.0366248046875e+04, 8.8852822265625e+03, 7.610283691406249e+03, 6.5417587890625e+03, 5.81564208984375e+03, 5.60630322265625e+03, 5.75197998046875e+03, 6.07009228515625e+03, 6.3971279296875e+03, 6.772697265625001e+03, 7.3129970703125e+03, 8.128044921875e+03, 9.323668945312504e+03, 1.090658203125e+04, 1.27672685546875e+04, 1.4899728515625e+04, 1.7268544921875e+04, 1.979076953125e+04, 2.240465234375e+04, 2.5029580078125e+04, 2.7594109375e+04, 3.0074318359375e+04, 3.2464080078125e+04, 3.471761718750001e+04, 3.678866796875e+04, 3.81519140625e+04, 3.838530859375e+04, 3.826598828125e+04, 3.858640234375e+04, 3.993608984375001e+04, 4.187571874999999e+04, 4.394105859375e+04, 4.568568359375e+04, 4.670854296875e+04, 4.716817578125e+04, 4.745968359375e+04, 4.796684765625e+04, 4.902858203125e+04, 5.0314265625e+04, 5.166147265625e+04, 5.30478125e+04, 5.445433203125e+04, 5.599009765625e+04, 5.763430078125e+04, 5.927412109375e+04, 6.078205859375e+04, 6.150165625e+04, 6.105116015625e+04, 5.972967578125e+04, 5.781050390625e+04, 5.471069531249996e+04, 4.987502343749996e+04, 4.480677734375004e+04, 4.099602734375e+04, 3.92443125e+04, 3.81813515625e+04, 3.761905078125e+04, 3.747969921875e+04, 3.767340625e+04, 3.811016015625e+04, 3.888408984375e+04, 4.010903515625e+04, 4.198418359375e+04, 4.535952734375004e+04, 4.959117578124996e+04, 5.364130468749997e+04, 5.645483203125e+04, 5.77725234375e+04, 5.83513671875e+04, 5.894987109375e+04, 6.0320421875e+04, 6.3139921875e+04, 6.6971609375e+04, 7.09088125e+04, 7.403403125e+04, 7.595375e+04, 7.6967578125e+04, 7.6644609375e+04, 7.45470859375e+04, 7.05938515625e+04, 6.58860078125e+04, 6.09619140625e+04, 5.625671875e+04, 5.21243203125e+04, 4.812608984375e+04, 4.42632890625e+04, 4.06404609375e+04, 3.737199609375e+04, 3.46457734375e+04, 3.2421447265625e+04, 3.0606955078125e+04, 1.7629193359375e+04, 1.6204228515625e+04, 1.455476953125e+04, 1.30080068359375e+04, 1.15022607421875e+04]
coo.P=[1.260189628601074e+01, 1.294630126953125e+02, 2.395054779052734e+02, 2.796433715820312e+02, 2.867187194824219e+02, 2.822196960449219e+02, 2.75186279296875e+02, 2.688517150878906e+02, 2.640413818359375e+02, 2.606906127929688e+02, 2.584795227050781e+02, 2.570759582519531e+02, 2.56212158203125e+02, 2.556911163330078e+02, 2.553839263916016e+02, 2.552062530517578e+02, 2.551052703857422e+02, 2.550487976074219e+02, 2.550177459716797e+02, 2.550009460449219e+02, 2.549920196533203e+02, 2.549873657226562e+02, 2.549849853515625e+02, 2.549838104248047e+02, 2.549832305908203e+02, 2.549829711914062e+02, 2.549828491210938e+02, 2.549828033447266e+02, 2.549827880859375e+02, 2.549827880859375e+02, 2.549827880859375e+02, 2.549828033447266e+02, 2.549828033447266e+02, 2.549828033447266e+02, 2.549828033447266e+02, 2.549828033447266e+02, 2.549828033447266e+02, 2.549828033447266e+02, 2.549828033447266e+02, 2.549828033447266e+02, 2.549828033447266e+02, 2.549828033447266e+02, 2.549828033447266e+02, 2.549828033447266e+02, 2.549828033447266e+02, 2.549828033447266e+02, 2.549828033447266e+02, 2.549828033447266e+02, 2.549828033447266e+02, 2.549828033447266e+02, 2.549828033447266e+02, 2.549828033447266e+02, 2.549828033447266e+02, 2.549828033447266e+02, 2.549828033447266e+02, 2.549828033447266e+02, 2.549828033447266e+02, 2.549828033447266e+02, 2.549828033447266e+02, 2.549828033447266e+02, 2.549828033447266e+02, 2.549828033447266e+02, 2.549828033447266e+02, 2.549828033447266e+02, 2.549828033447266e+02, 2.549828033447266e+02, 2.549828033447266e+02, 2.549828033447266e+02, 2.549828033447266e+02, 2.549828033447266e+02, 2.549828033447266e+02, 2.549828033447266e+02, 2.549828033447266e+02, 2.549828033447266e+02, 2.549828033447266e+02, 2.549828033447266e+02, 2.549828033447266e+02, 2.549828033447266e+02, 2.549828033447266e+02, 2.549828033447266e+02, 2.549828033447266e+02, 2.549828033447266e+02, 2.549828033447266e+02, 2.549828033447266e+02, 2.549828033447266e+02, 2.549828033447266e+02, 2.549828033447266e+02, 2.549828033447266e+02, 2.549828033447266e+02, 2.549828033447266e+02, 2.549828033447266e+02, 2.549828033447266e+02, 2.549828033447266e+02, 2.549828033447266e+02, 2.549828033447266e+02, 2.549828033447266e+02, 2.549828033447266e+02, 2.549828033447266e+02, 2.549828033447266e+02, 2.549828033447266e+02, 2.549828033447266e+02]
PEle.y=[2.282e+05, 2.3086421875e+05, 2.34437921875e+05, 2.3886634375e+05, 2.440946875e+05, 2.50505015625e+05, 2.58365515625e+05, 2.6678446875e+05, 2.74848625e+05, 2.8155040625e+05, 2.8624928125e+05, 2.8923690625e+05, 2.9085165625e+05, 2.8798528125e+05, 2.660506249999999e+05, 2.3664621875e+05, 2.15456828125e+05, 2.16365984375e+05, 2.26602453125e+05, 2.3889403125e+05, 2.5191303125e+05, 2.6434153125e+05, 2.7604490625e+05, 2.8883953125e+05, 3.0467728125e+05, 3.2551e+05, 4.7769846875e+05, 8.237466875e+05, 1.269821125000002e+06, 1.722088625e+06, 2.19874575e+06, 2.78470275e+06, 3.34193675e+06, 3.727717e+06, 3.871706e+06, 3.94197875e+06, 3.97402025e+06, 3.98823775e+06, 4.0024e+06, 4.0146235e+06, 4.0261785e+06, 4.04025675e+06, 4.0609505e+06, 4.09893e+06, 4.1477595e+06, 4.196341e+06, 4.2330575e+06, 4.2278145e+06, 4.17565175e+06, 4.08710225e+06, 3.9727e+06, 3.72718425e+06, 3.33675775e+06, 2.94915e+06, 2.71209025e+06, 2.65900625e+06, 2.64094975e+06, 2.64762475e+06, 2.67259425e+06, 2.715805e+06, 2.78338275e+06, 2.85312775e+06, 2.90091725e+06, 2.9039375e+06, 2.85718875e+06, 2.766643e+06, 2.6382145e+06, 2.47757975e+06, 2.290037749999998e+06, 2.088285125000002e+06, 1.886587375000002e+06, 1.69904275e+06, 1.529692875e+06, 1.37881975e+06, 1.249615e+06, 1.14527e+06, 1.20624125e+06, 1.4582545e+06, 1.732405e+06, 1.859788375e+06, 1.797245125e+06, 1.702895625e+06, 1.582826625e+06, 1.43888575e+06, 1.261844e+06, 1.0399563125e+06, 8.19803375e+05, 6.516313125e+05, 5.707306875e+05, 5.17414375e+05, 4.75351125e+05, 4.4092078125e+05, 4.1032425e+05, 3.793196875e+05, 3.4889834375e+05, 3.2119340625e+05, 2.28578546875e+05, 2.3139815625e+05, 2.35118125e+05, 2.39683671875e+05, 2.4504e+05]
EGriBuy.y=[1.000000013351432e-10, 3.74416576e+08, 7.00342144e+08, 1.025733632e+09, 1.354768768e+09, 1.689138688e+09, 2.030380928e+09, 2.379553792e+09, 2.736913408e+09, 3.10200704e+09, 3.47413888e+09, 3.852754176e+09, 4.237391872e+09, 4.627313664e+09, 5.015125504000001e+09, 5.393538048e+09, 5.766376448e+09, 6.148888576000001e+09, 6.562420736e+09, 7.019851264e+09, 7.52256768e+09, 8.059896832e+09, 8.615672832e+09, 9.183213568e+09, 9.760345088e+09, 1.0348583936e+10, 1.0989493248e+10, 1.1847118848e+10, 1.304834560000001e+10, 1.463890944e+10, 1.6610374656e+10, 1.9041970176e+10, 2.1969764352e+10, 2.5307584512e+10, 2.886047334400002e+10, 3.249477222399998e+10, 3.6168364032e+10, 3.9857451008e+10, 4.3554557952e+10, 4.725921792e+10, 5.0969698304e+10, 5.4687236096e+10, 5.8416472064e+10, 6.2169669632e+10, 6.5961975808e+10, 6.9798551552e+10, 7.3673531392e+10, 7.756374016e+10, 8.1426956288e+10, 8.5227159552e+10, 8.8937832448e+10, 9.2506529792e+10, 9.5788843008e+10, 9.872273408e+10, 1.01373837312e+11, 1.03908745216e+11, 1.06411196416e+11, 1.08904759296e+11, 1.11408234496e+11, 1.13936941056e+11, 1.16512055296e+11, 1.1914592256e+11, 1.21830367232e+11, 1.245366272e+11, 1.2722266112e+11, 1.29848262656e+11, 1.32378558464e+11, 1.3478383616e+11, 1.3703950336e+11, 1.39129143296e+11, 1.41047332864e+11, 1.42799945728e+11, 1.44401989632e+11, 1.45870700544e+11, 1.47223887872e+11, 1.48480196608e+11, 1.49701394432e+11, 1.51069884416e+11, 1.52677072896e+11, 1.54468253696e+11, 1.5627116544e+11, 1.57998710784e+11, 1.59626182656e+11, 1.61131921408e+11, 1.6249495552e+11, 1.63679453184e+11, 1.64667375616e+11, 1.65482020864e+11, 1.6618610688e+11, 1.66831046656e+11, 1.67430127616e+11, 1.67991672832e+11, 1.685209088e+11, 1.69019506688e+11, 1.69487712256e+11, 1.69927360512e+11, 1.70326802432e+11, 1.7064329216e+11, 1.70963533824e+11, 1.7128792064e+11, 1.7161732096e+11]
EGriSel.y=[1.000000013351432e-10, 1.000000013351432e-10, 1.000000013351432e-10, 1.000000013351432e-10, 1.000000013351432e-10, 1.000000013351432e-10, 1.000000013351432e-10, 1.000000013351432e-10, 1.000000013351432e-10, 1.000000013351432e-10, 1.000000013351432e-10, 1.000000013351432e-10, 1.000000013351432e-10, 1.000000013351432e-10, 1.000000013351432e-10, 1.000000013351432e-10, 1.000000013351432e-10, 1.000000013351432e-10, 1.000000013351432e-10, 1.000000013351432e-10, 1.000000013351432e-10, 1.000000013351432e-10, 1.000000013351432e-10, 1.000000013351432e-10, 1.000000013351432e-10, 1.000000013351432e-10, 1.000000013351432e-10, 1.000000013351432e-10, 1.000000013351432e-10, 1.000000013351432e-10, 1.000000013351432e-10, 1.000000013351432e-10, 1.000000013351432e-10, 1.000000013351432e-10, 1.000000013351432e-10, 1.000000013351432e-10, 1.000000013351432e-10, 1.000000013351432e-10, 1.000000013351432e-10, 1.000000013351432e-10, 1.000000013351432e-10, 1.000000013351432e-10, 1.000000013351432e-10, 1.000000013351432e-10, 1.000000013351432e-10, 1.000000013351432e-10, 1.000000013351432e-10, 1.000000013351432e-10, 1.000000013351432e-10, 1.000000013351432e-10, 1.000000013351432e-10, 1.000000013351432e-10, 1.000000013351432e-10, 1.000000013351432e-10, 1.000000013351432e-10, 1.000000013351432e-10, 1.000000013351432e-10, 1.000000013351432e-10, 1.000000013351432e-10, 1.000000013351432e-10, 1.000000013351432e-10, 1.000000013351432e-10, 1.000000013351432e-10, 1.000000013351432e-10, 1.000000013351432e-10, 1.000000013351432e-10, 1.000000013351432e-10, 1.000000013351432e-10, 1.000000013351432e-10, 1.000000013351432e-10, 1.000000013351432e-10, 1.000000013351432e-10, 1.000000013351432e-10, 1.000000013351432e-10, 1.000000013351432e-10, 1.000000013351432e-10, 1.000000013351432e-10, 1.000000013351432e-10, 1.000000013351432e-10, 1.000000013351432e-10, 1.000000013351432e-10, 1.000000013351432e-10, 1.000000013351432e-10, 1.000000013351432e-10, 1.000000013351432e-10, 1.000000013351432e-10, 1.000000013351432e-10, 1.000000013351432e-10, 1.000000013351432e-10, 1.000000013351432e-10, 1.000000013351432e-10, 1.000000013351432e-10, 1.000000013351432e-10, 1.000000013351432e-10, 1.000000013351432e-10, 1.000000013351432e-10, 1.000000013351432e-10, 1.000000013351432e-10, 1.000000013351432e-10, 1.000000013351432e-10, 1.000000013351432e-10]
preCos_MEur.y=[1.893839612603188e-02, 1.91704947501421e-02, 1.937253400683403e-02, 1.957424357533455e-02, 1.977821066975594e-02, 1.998548395931721e-02, 2.019701898097992e-02, 2.041346952319145e-02, 2.063499391078949e-02, 2.08613146096468e-02, 2.10919976234436e-02, 2.13266983628273e-02, 2.156513370573521e-02, 2.180684357881546e-02, 2.204724587500095e-02, 2.228182181715965e-02, 2.251294255256653e-02, 2.275006100535393e-02, 2.300640754401684e-02, 2.328996546566486e-02, 2.36015971750021e-02, 2.393468469381332e-02, 2.427920699119568e-02, 2.463102154433727e-02, 2.498878352344036e-02, 2.535342983901501e-02, 2.575072646141052e-02, 2.628236450254917e-02, 2.702699787914753e-02, 2.801297977566719e-02, 2.923507988452911e-02, 3.074241429567337e-02, 3.255733847618103e-02, 3.462643548846245e-02, 3.682885318994523e-02, 3.908173739910125e-02, 4.135897755622864e-02, 4.364582151174545e-02, 4.593763872981071e-02, 4.823413863778114e-02, 5.053424462676048e-02, 5.283873155713081e-02, 5.515046417713165e-02, 5.747704952955246e-02, 5.982787907123566e-02, 6.220615282654762e-02, 6.460823118686676e-02, 6.70197531580925e-02, 6.941454112529755e-02, 7.177026569843292e-02, 7.407049089670181e-02, 7.628270983695984e-02, 7.831740379333496e-02, 8.013610541820526e-02, 8.177950978279114e-02, 8.335088938474657e-02, 8.490214496850969e-02, 8.644788712263106e-02, 8.799977600574493e-02, 8.956731110811234e-02, 9.116361290216446e-02, 9.279633313417435e-02, 9.446040540933609e-02, 9.613800048828125e-02, 9.780305624008179e-02, 9.943065792322159e-02, 1.009991765022278e-01, 1.024901941418648e-01, 1.038884744048119e-01, 1.051838248968124e-01, 1.063729077577591e-01, 1.074593365192413e-01, 1.084524318575859e-01, 1.093628853559494e-01, 1.102017238736153e-01, 1.109804958105087e-01, 1.117375046014786e-01, 1.125858351588249e-01, 1.13582119345665e-01, 1.146924570202827e-01, 1.158100739121437e-01, 1.16880975663662e-01, 1.178898364305496e-01, 1.18823230266571e-01, 1.196681708097458e-01, 1.204024329781532e-01, 1.21014840900898e-01, 1.215198338031769e-01, 1.219562962651253e-01, 1.223560869693756e-01, 1.227274611592293e-01, 1.230755597352982e-01, 1.234036311507225e-01, 1.237127035856247e-01, 1.240029484033585e-01, 1.242754757404327e-01, 1.245230957865715e-01, 1.247192844748497e-01, 1.249177977442741e-01, 1.251188814640045e-01, 1.25323086977005e-01]
