last-generated=2025-10-10
statistics-initialization=
{
  "nonlinear": "1, 1, 1, 1, 1, 1, 1, 1",
  "numerical Jacobians": "0"
}
statistics-simulation=
{
  "linear": " ",
  "nonlinear": "2, 2, 2, 1, 1, 1, 1, 1, 1",
  "number of continuous time states": "25",
  "numerical Jacobians": "0"
}
time=[1.83996e+07, 1.84824e+07]
hea.P=[1.483942626953125e+03, 2.841638671875e+04, 1.61448193359375e+04, 1.23401552734375e+04, 1.073419140625e+04, 1.03515126953125e+04, 1.0273619140625e+04, 1.03021689453125e+04, 1.0413412109375e+04, 1.0548658203125e+04, 1.0694109375e+04, 1.0850294921875e+04, 1.100709375e+04, 1.1165224609375e+04, 1.14079677734375e+04, 1.18019697265625e+04, 1.2299505859375e+04, 1.2858189453125e+04, 1.34653876953125e+04, 1.4208765625e+04, 1.50562353515625e+04, 1.59678681640625e+04, 1.6925638671875e+04, 1.828901953125e+04, 1.9892615234375e+04, 2.1370435546875e+04, 2.234981640625e+04, 2.275606640625e+04, 2.288924609375e+04, 2.2808650390625e+04, 2.2577822265625e+04, 2.226618359375e+04, 2.194515625e+04, 2.1623298828125e+04, 2.1304703125e+04, 2.099286328125e+04, 2.068533984375e+04, 2.03789375e+04, 2.0072064453125e+04, 1.9763115234375e+04, 1.9431736328125e+04, 1.90636875e+04, 1.8686177734375e+04, 1.8325927734375e+04, 1.8008150390625e+04, 1.7738203125e+04, 1.751321875e+04, 1.733070703125e+04, 1.718840625e+04, 1.7088849609375e+04, 1.7014271484375e+04, 1.693950390625e+04, 1.6839375e+04, 1.669821875e+04, 1.653470703125e+04, 1.63695859375e+04, 1.62237275390625e+04, 1.61130185546875e+04, 1.6018494140625e+04, 1.59360654296875e+04, 1.58655986328125e+04, 1.5807103515625e+04, 1.5760177734375e+04, 1.5719552734375e+04, 1.567869921875e+04, 1.56310556640625e+04, 1.55688173828125e+04, 1.549259375e+04, 1.541396484375e+04, 1.53444501953125e+04, 1.52946708984375e+04, 1.52617724609375e+04, 1.52391357421875e+04, 1.52210458984375e+04, 1.5201697265625e+04, 1.51874306640625e+04, 1.51836982421875e+04, 1.5188498046875e+04, 1.52001435546875e+04, 1.52926201171875e+04, 1.558007421875e+04, 1.59193828125e+04, 1.61664248046875e+04, 1.619415234375e+04, 1.61196630859375e+04, 1.59969072265625e+04, 1.5842298828125e+04, 1.56722958984375e+04, 1.54667275390625e+04, 1.5226759765625e+04, 1.4989162109375e+04, 1.478968359375e+04, 1.47030615234375e+04, 1.4801609375e+04, 1.4971134765625e+04, 1.509450390625e+04, 1.5063087890625e+04, 1.49312314453125e+04, 1.47283837890625e+04, 1.4454857421875e+04, 1.4112056640625e+04]
dhw.P=[1.478684448242188e+03, 3.416966015625e+04, 2.082390625e+04, 1.7247310546875e+04, 1.536633203125e+04, 1.3894537109375e+04, 1.2550154296875e+04, 1.12910498046875e+04, 1.007283984375e+04, 8.881994140625e+03, 7.76514404296875e+03, 6.75264794921875e+03, 5.92728564453125e+03, 5.349263671875e+03, 5.00205810546875e+03, 4.78747509765625e+03, 4.6614423828125e+03, 4.58006591796875e+03, 4.49655712890625e+03, 4.40077001953125e+03, 4.35004541015625e+03, 4.40559912109375e+03, 4.63107763671875e+03, 5.088296875e+03, 5.6929990234375e+03, 6.3251259765625e+03, 6.86425732421875e+03, 7.26601416015625e+03, 7.61313232421875e+03, 7.94542431640625e+03, 8.302279296875e+03, 8.7396357421875e+03, 9.34626953125e+03, 1.00826435546875e+04, 1.0918380859375e+04, 1.18318291015625e+04, 1.292976171875e+04, 1.4406814453125e+04, 1.6424654296875e+04, 1.915056640625e+04, 2.248312109375e+04, 2.600062109375e+04, 2.9600986328125e+04, 3.31755625e+04, 3.667033984375e+04, 4.024939453125e+04, 4.379081640625e+04, 4.713018359375e+04, 5.00955703125e+04, 5.245676953125e+04, 5.43363203125e+04, 5.598165234375e+04, 5.764507421875e+04, 5.940890234375e+04, 6.10898359375e+04, 6.27045546875e+04, 6.425180859375e+04, 6.56416328125e+04, 6.63096171875e+04, 6.6210078125e+04, 6.5395890625e+04, 6.39075390625e+04, 6.099758984375e+04, 5.699533984375e+04, 5.295176953125e+04, 4.99519921875e+04, 4.828548046875e+04, 4.68314453125e+04, 4.553441015625e+04, 4.437278125e+04, 4.3314296875e+04, 4.230894921875e+04, 4.14793671875e+04, 4.097128125e+04, 4.093376953125e+04, 4.184408984375e+04, 4.370976953125e+04, 4.61809921875e+04, 4.890558984375e+04, 5.1977453125e+04, 5.592334375e+04, 5.99730234375e+04, 6.328921875e+04, 6.52004375e+04, 6.62136484375e+04, 6.6719375e+04, 6.69434765625e+04, 6.71118203125e+04, 6.75163359375e+04, 6.79011953125e+04, 6.7734609375e+04, 6.648678125e+04, 6.369321875e+04, 5.962004296875e+04, 5.49329921875e+04, 5.039419140625e+04, 4.663186328125e+04, 4.309621484375e+04, 3.96181171875e+04, 3.626884375e+04, 3.3119421875e+04]
coo.P=[7.4377015625e+04, 7.20676171875e+04, 6.98204296875e+04, 7.1812203125e+04, 7.13145703125e+04, 7.1489453125e+04, 7.16476171875e+04, 7.15092890625e+04, 7.158446875e+04, 7.1578890625e+04, 7.156040625e+04, 7.1577984375e+04, 7.1570640625e+04, 7.1570640625e+04, 7.1573203125e+04, 7.15711796875e+04, 7.15719296875e+04, 7.15720078125e+04, 7.15716953125e+04, 7.1571921875e+04, 7.157184375e+04, 7.15718359375e+04, 7.15718671875e+04, 7.157184375e+04, 7.15718515625e+04, 7.15718515625e+04, 7.15718515625e+04, 7.15718515625e+04, 7.15718515625e+04, 7.15718515625e+04, 7.15718515625e+04, 7.1531640625e+04, 7.0488140625e+04, 6.9537234375e+04, 6.949865625e+04, 7.00194375e+04, 7.00673828125e+04, 6.9897953125e+04, 6.97791875e+04, 6.97040078125e+04, 6.967859375e+04, 6.9709296875e+04, 6.9796328125e+04, 6.99399609375e+04, 7.014240625e+04, 7.04159296875e+04, 7.07653828125e+04, 7.1190515625e+04, 7.16559296875e+04, 7.2179296875e+04, 7.27376171875e+04, 7.3246875e+04, 7.36068203125e+04, 7.37862421875e+04, 7.39609765625e+04, 7.4140125e+04, 7.432290625e+04, 7.450859375e+04, 7.46962421875e+04, 7.488471875e+04, 7.50735e+04, 7.52661875e+04, 7.54240703125e+04, 7.5524375e+04, 7.55778203125e+04, 7.559646875e+04, 7.559725e+04, 7.559725e+04, 7.559725e+04, 7.559725e+04, 7.559725e+04, 7.559725e+04, 7.559725e+04, 7.559725e+04, 7.5596546875e+04, 7.5473078125e+04, 7.51908046875e+04, 7.48462734375e+04, 7.45161015625e+04, 7.4251484375e+04, 7.3999046875e+04, 7.37547734375e+04, 7.35199453125e+04, 7.32847578125e+04, 7.29400546875e+04, 7.25078125e+04, 7.20489453125e+04, 7.161634375e+04, 7.118715625e+04, 7.074425e+04, 7.03491484375e+04, 7.00267265625e+04, 6.977809375e+04, 6.9709421875e+04, 6.9646203125e+04, 6.96786171875e+04, 7.2085484375e+04, -1.523021406413093e-24, -1.523021406413093e-24, 7.2194609375e+04, 7.22253828125e+04]
PEle.y=[2.2189e+05, 2.28438109375e+05, 2.3434325e+05, 2.3989325e+05, 2.45375953125e+05, 2.50836484375e+05, 2.55538421875e+05, 2.59281078125e+05, 2.61924171875e+05, 2.624195625e+05, 2.49277515625e+05, 2.26050765625e+05, 2.01775375e+05, 1.85487359375e+05, 1.788511875e+05, 1.76097421875e+05, 1.767226875e+05, 1.8023578125e+05, 1.8791675e+05, 2.0437740625e+05, 2.2544209375e+05, 2.46087578125e+05, 2.6028996875e+05, 2.49068546875e+05, 2.213754375e+05, 1.9639978125e+05, 1.93330734375e+05, 2.30983921875e+05, 3.1333390625e+05, 4.3550425e+05, 5.925915625e+05, 7.76821375e+05, 9.71078e+05, 1.171584625e+06, 1.376355375e+06, 1.5842065e+06, 1.811455125e+06, 2.050312875e+06, 2.2807485e+06, 2.482731e+06, 2.62589e+06, 2.69822275e+06, 2.72191975e+06, 2.71952525e+06, 2.71107575e+06, 2.698083e+06, 2.68298025e+06, 2.66959425e+06, 2.661948e+06, 2.66845e+06, 2.68278975e+06, 2.69235825e+06, 2.68454575e+06, 2.6451405e+06, 2.5729995e+06, 2.48138125e+06, 2.3837465e+06, 2.28753675e+06, 2.16970525e+06, 2.044257625e+06, 1.9327305e+06, 1.8569825e+06, 1.84919125e+06, 1.89335525e+06, 1.951638375e+06, 1.9862045e+06, 1.983129875e+06, 1.974022125e+06, 1.95495575e+06, 1.92041475e+06, 1.86512825e+06, 1.788531625e+06, 1.69384325e+06, 1.58433475e+06, 1.46318775e+06, 1.321988625e+06, 1.163236375e+06, 1.000814375e+06, 8.48606e+05, 7.197614375e+05, 6.17672375e+05, 5.392021875e+05, 4.811111875e+05, 4.5212959375e+05, 5.391821875e+05, 6.94569375e+05, 8.367955e+05, 8.843886875e+05, 7.970105625e+05, 6.328785e+05, 4.616705625e+05, 3.53064875e+05, 3.5088025e+05, 3.99193125e+05, 4.6095084375e+05, 5.0245459375e+05, 4.9421434375e+05, 4.621021875e+05, 4.1483065625e+05, 3.48422375e+05, 2.589e+05]
pv.P=[0e+00, 0e+00, 0e+00, 0e+00, 0e+00, 0e+00, 0e+00, 0e+00, 0e+00, 0e+00, 0e+00, 0e+00, 0e+00, 0e+00, 0e+00, 0e+00, 0e+00, 0e+00, 0e+00, 0e+00, 0e+00, 0e+00, 0e+00, 0e+00, 1.296834850311279e+01, 1.989694091796875e+03, 7.19984814453125e+03, 1.54575078125e+04, 2.6576751953125e+04, 4.956825390625e+04, 1.0577090625e+05, 1.933290625e+05, 3.08467625e+05, 4.511875e+05, 6.44298375e+05, 8.768648125e+05, 1.128435125e+06, 1.377910125e+06, 1.62630675e+06, 1.882364125e+06, 2.13967775e+06, 2.3906395e+06, 2.630949e+06, 2.869999e+06, 3.110169e+06, 3.351893e+06, 3.5930095e+06, 3.8151835e+06, 4.014674e+06, 4.1946145e+06, 4.3595855e+06, 4.516641e+06, 4.664754e+06, 4.796886e+06, 4.905525e+06, 4.9900595e+06, 5.067752e+06, 5.1343045e+06, 5.18364e+06, 5.210428e+06, 5.219907e+06, 5.215e+06, 5.195944e+06, 5.163045e+06, 5.1102905e+06, 5.0330065e+06, 4.9356555e+06, 4.8228895e+06, 4.697213e+06, 4.553002e+06, 4.390993e+06, 4.2123175e+06, 4.01755025e+06, 3.80923225e+06, 3.5882805e+06, 3.35511325e+06, 3.11082225e+06, 2.85532325e+06, 2.59210975e+06, 2.32907475e+06, 2.073041e+06, 1.822996e+06, 1.55978e+06, 1.2988295e+06, 1.05642975e+06, 8.4340725e+05, 6.295853125e+05, 4.266710625e+05, 2.6297375e+05, 1.5825696875e+05, 9.97485390625e+04, 5.312496875e+04, 1.9755435546875e+04, 2.15751416015625e+03, 0e+00, 0e+00, 0e+00, 0e+00, 0e+00, 0e+00, 0e+00]
EGriBuy.y=[1.000000013351432e-10, 3.16160576e+08, 6.04330816e+08, 8.86657856e+08, 1.169749504e+09, 1.455054336e+09, 1.743529728e+09, 2.034369152e+09, 2.32688e+09, 2.620147456e+09, 2.907932672e+09, 3.179281152e+09, 3.429709824e+09, 3.662261504e+09, 3.885678848e+09, 4.105284608e+09, 4.324276736e+09, 4.545373696e+09, 4.771123712e+09, 5.007433216e+09, 5.260223488e+09, 5.531356672e+09, 5.818469888e+09, 6.108971008e+09, 6.383731712e+09, 6.63658496e+09, 6.875052032e+09, 7.12210432e+09, 7.411662336e+09, 7.7743104e+09, 8.220391424e+09, 8.749217792e+09, 9.351083008e+09, 1.0009778176e+10, 1.069826048e+10, 1.1380491264e+10, 1.2040764416e+10, 1.2687149056e+10, 1.3325746176e+10, 1.393712128e+10, 1.4483510272e+10, 1.4909252608e+10, 1.5172886528e+10, 1.5249921024e+10, 1.5249921024e+10, 1.5249921024e+10, 1.5249921024e+10, 1.5249921024e+10, 1.5249921024e+10, 1.5249921024e+10, 1.5249921024e+10, 1.5249921024e+10, 1.5249921024e+10, 1.5249921024e+10, 1.5249921024e+10, 1.5249921024e+10, 1.5249921024e+10, 1.5249921024e+10, 1.5249921024e+10, 1.5249921024e+10, 1.5249921024e+10, 1.5249921024e+10, 1.5249921024e+10, 1.5249921024e+10, 1.5249921024e+10, 1.5249921024e+10, 1.5249921024e+10, 1.5249921024e+10, 1.5249921024e+10, 1.5249921024e+10, 1.5249921024e+10, 1.5249921024e+10, 1.5249921024e+10, 1.5249921024e+10, 1.5249921024e+10, 1.5249921024e+10, 1.5249921024e+10, 1.5249921024e+10, 1.5249921024e+10, 1.5249921024e+10, 1.5249921024e+10, 1.5249921024e+10, 1.5249921024e+10, 1.5249921024e+10, 1.5249921024e+10, 1.525000704e+10, 1.5405789184e+10, 1.5820256256e+10, 1.6369774592e+10, 1.6922371072e+10, 1.7394843648e+10, 1.7789069312e+10, 1.8169894912e+10, 1.8591473664e+10, 1.90651392e+10, 1.9579983872e+10, 2.0107384832e+10, 2.0602537984e+10, 2.1013291008e+10, 2.1399496704e+10, 2.1752891392e+10]
EGriSel.y=[1.000000013351432e-10, 1.000000013351432e-10, 1.000000013351432e-10, 1.000000013351432e-10, 1.000000013351432e-10, 1.000000013351432e-10, 1.000000013351432e-10, 1.000000013351432e-10, 1.000000013351432e-10, 1.000000013351432e-10, 1.000000013351432e-10, 1.000000013351432e-10, 1.000000013351432e-10, 1.000000013351432e-10, 1.000000013351432e-10, 1.000000013351432e-10, 1.000000013351432e-10, 1.000000013351432e-10, 1.000000013351432e-10, 1.000000013351432e-10, 1.000000013351432e-10, 1.000000013351432e-10, 1.000000013351432e-10, 1.000000013351432e-10, 1.000000013351432e-10, 1.000000013351432e-10, 1.000000013351432e-10, 1.000000013351432e-10, 1.000000013351432e-10, 1.000000013351432e-10, 1.000000013351432e-10, 1.000000013351432e-10, 1.000000013351432e-10, 1.000000013351432e-10, 1.000000013351432e-10, 1.000000013351432e-10, 1.000000013351432e-10, 1.000000013351432e-10, 1.000000013351432e-10, 1.000000013351432e-10, 1.000000013351432e-10, 1.000000013351432e-10, 1.000000013351432e-10, 1.4313615e+06, 1.2674164e+08, 4.57445856e+08, 9.97473088e+08, 1.739545088e+09, 2.662198272e+09, 3.74001792e+09, 4.948657152e+09, 6.277559808e+09, 7.730006016e+09, 9.315955712e+09, 1.10477056e+10, 1.2925642752e+10, 1.4948498432e+10, 1.7109696512e+10, 1.940639744e+10, 2.1836679168e+10, 2.4381253632e+10, 2.7007649792e+10, 2.9662005248e+10, 3.2280029184e+10, 3.4821869568e+10, 3.7271597056e+10, 3.9639711744e+10, 4.1927069696e+10, 4.4128411648e+10, 4.6241144832e+10, 4.826488832e+10, 5.0203111424e+10, 5.2058611712e+10, 5.3832380416e+10, 5.5524356096e+10, 5.7135652864e+10, 5.8673319936e+10, 6.0136534016e+10, 6.151374848e+10, 6.2787584e+10, 6.3938629632e+10, 6.4952582144e+10, 6.5807056896e+10, 6.6480603136e+10, 6.6922663936e+10, 6.706993152e+10, 6.7069861888e+10, 6.7069861888e+10, 6.7069861888e+10, 6.7069861888e+10, 6.7069861888e+10, 6.7069861888e+10, 6.7069861888e+10, 6.7069861888e+10, 6.7069861888e+10, 6.7069861888e+10, 6.7069861888e+10, 6.7069861888e+10, 6.7069861888e+10, 6.7069861888e+10, 6.7069861888e+10]
preCos_MEur.y=[1.4e+01, 1.400019645690918e+01, 1.400037479400635e+01, 1.400054931640625e+01, 1.400072479248047e+01, 1.400090217590332e+01, 1.400108051300049e+01, 1.400126075744629e+01, 1.400144195556641e+01, 1.400162410736084e+01, 1.400180244445801e+01, 1.400197124481201e+01, 1.400212574005127e+01, 1.400226974487305e+01, 1.400240898132324e+01, 1.400254440307617e+01, 1.400268077850342e+01, 1.400281810760498e+01, 1.400295734405518e+01, 1.40031042098999e+01, 1.400326061248779e+01, 1.400342845916748e+01, 1.400360679626465e+01, 1.400378704071045e+01, 1.400395679473877e+01, 1.400411415100098e+01, 1.400426197052002e+01, 1.400441455841064e+01, 1.400459480285645e+01, 1.40048189163208e+01, 1.400509548187256e+01, 1.40054235458374e+01, 1.400579643249512e+01, 1.400620460510254e+01, 1.400663185119629e+01, 1.400705432891846e+01, 1.400746440887451e+01, 1.40078649520874e+01, 1.400826072692871e+01, 1.400863933563232e+01, 1.400897789001465e+01, 1.400924205780029e+01, 1.40094051361084e+01, 1.400945377349854e+01, 1.400950527191162e+01, 1.400964260101318e+01, 1.400986576080322e+01, 1.401017189025879e+01, 1.401055335998535e+01, 1.401099872589111e+01, 1.401149845123291e+01, 1.401204776763916e+01, 1.401264762878418e+01, 1.401330375671387e+01, 1.401401901245117e+01, 1.401479530334473e+01, 1.40156307220459e+01, 1.401652431488037e+01, 1.40174732208252e+01, 1.401847743988037e+01, 1.401952934265137e+01, 1.402061462402344e+01, 1.40217113494873e+01, 1.402279376983643e+01, 1.402384376525879e+01, 1.402485656738281e+01, 1.402583503723145e+01, 1.4026780128479e+01, 1.402768993377686e+01, 1.402856349945068e+01, 1.402939987182617e+01, 1.403020000457764e+01, 1.403096771240234e+01, 1.403170013427734e+01, 1.403239917755127e+01, 1.403306579589844e+01, 1.403370094299316e+01, 1.403430557250977e+01, 1.403487491607666e+01, 1.403540134429932e+01, 1.40358772277832e+01, 1.403629589080811e+01, 1.403664875030518e+01, 1.403692722320557e+01, 1.403711032867432e+01, 1.403717136383057e+01, 1.403726768493652e+01, 1.403752422332764e+01, 1.403786468505859e+01, 1.40382080078125e+01, 1.403850078582764e+01, 1.403874492645264e+01, 1.403898048400879e+01, 1.403924179077148e+01, 1.403953552246094e+01, 1.403985500335693e+01, 1.404018211364746e+01, 1.404048919677734e+01, 1.404074382781982e+01, 1.404098320007324e+01, 1.40412015914917e+01]
nPV=[5e+03, 5e+03]
