last-generated=2025-10-10
statistics-initialization=
{
  "nonlinear": "1, 1",
  "numerical Jacobians": "0"
}
statistics-simulation=
{
  "linear": " ",
  "nonlinear": "2, 1, 1",
  "number of continuous time states": "8",
  "numerical Jacobians": "0"
}
time=[0e+00, 8.64e+04]
heaPum.P=[0e+00, 3.352941513061523e+01, 4.791493606567383e+01, 7.050642395019531e+01, 9.295960235595703e+01, 1.143896789550781e+02, 1.343369293212891e+02, 1.523902130126953e+02, 1.681330871582031e+02, 1.811901702880859e+02, 1.912442474365234e+02, 1.980699005126953e+02, 2.015177459716797e+02, 2.014624328613281e+02, 1.97923583984375e+02, 1.910210266113281e+02, 1.808944396972656e+02, 1.677879943847656e+02, 1.520087432861328e+02, 1.339305267333984e+02, 1.139674453735352e+02, 9.252772521972656e+01, 7.006595611572266e+01, 4.703687286376953e+01, 2.374751853942871e+01, -3.956454134788604e-29, -1.395823839765273e-30, -2.062033607997759e-29, -3.188787185825909e-29, -2.397835292445749e-29, -1.719432939456252e-29, -1.153580126857422e-29, -7.00276779417621e-30, -3.595230476001257e-30, -1.313188185574777e-30, -1.566411697506069e-31, -1.255893344891694e-31, -1.220032703300367e-30, -3.439971182144649e-30, -2.115770965491362e-30, -6.90688836235252e-31, -4.309145999153955e-32, -1.729788485151685e-31, -1.080350966541308e-30, -2.765207896354564e-30, -5.227549391101121e-30, -8.467375826939172e-30, -1.248468739194781e-29, -1.727948258149428e-29, -2.285176365252771e-29, -2.920152759578259e-29, 2.475901412963867e+01, 4.746392822265625e+01, 7.050417327880859e+01, 9.295962524414062e+01, 1.143896865844728e+02, 1.343369293212892e+02, 1.523902130126952e+02, 1.681330871582031e+02, 1.811901550292969e+02, 1.912442626953125e+02, 1.980699157714844e+02, 2.015177307128906e+02, 2.014624328613281e+02, 1.97923583984375e+02, 1.910210266113281e+02, 1.808944244384766e+02, 1.677879943847656e+02, 1.520087585449217e+02, 1.339305267333986e+02, 1.139674377441408e+02, 9.252769470214844e+01, 7.006594085693359e+01, 4.703686141967773e+01, 2.374752235412598e+01, -6.516936167060455e-30, -1.041725877269334e-29, -3.238150651091519e-30, -1.552222510908774e-32, -2.036921136618995e-29, -3.750384445564031e-29, -2.775874125206919e-29, -1.947699272216442e-29, -1.265860037055875e-29, -7.303564949568577e-30, -3.411885330719323e-30, -9.835623603669183e-31, -1.859548896775538e-32, -5.169848605198918e-31, -1.841131662709877e-31, -7.891325002520334e-33, -3.681459992580403e-31, -1.264877248546949e-30, -2.698084911973457e-30, -4.667769201126549e-30, -7.173930304085319e-30, -1.021656709237519e-29, -1.379568144678713e-29, -1.791127186268836e-29, -2.256333909239526e-29, -2.775188313590785e-29]
heaPum.heaPum.QCon_flow=[0e+00, 2.022845306396484e+02, 2.493843688964844e+02, 3.681246948242188e+02, 4.81753662109375e+02, 5.877852783203125e+02, 6.84547119140625e+02, 7.705132446289064e+02, 8.443279418945312e+02, 9.048270263671875e+02, 9.510565185546875e+02, 9.822872314453125e+02, 9.980267333984375e+02, 9.980267333984375e+02, 9.822872314453125e+02, 9.510565185546875e+02, 9.048270263671875e+02, 8.443279418945311e+02, 7.705132446289062e+02, 6.84547119140625e+02, 5.877852783203125e+02, 4.81753662109375e+02, 3.681245422363281e+02, 2.486898803710938e+02, 1.253332366943359e+02, 0e+00, 0e+00, 0e+00, 0e+00, 0e+00, 0e+00, 0e+00, 0e+00, 0e+00, 0e+00, 0e+00, 0e+00, 0e+00, 0e+00, 0e+00, 0e+00, 0e+00, 0e+00, 0e+00, 0e+00, 0e+00, 0e+00, 0e+00, 0e+00, 0e+00, 0e+00, 1.253328018188477e+02, 2.486898803710938e+02, 3.681245422363281e+02, 4.81753662109375e+02, 5.877852783203133e+02, 6.845471191406258e+02, 7.705132446289056e+02, 8.443279418945312e+02, 9.048270263671875e+02, 9.510565185546875e+02, 9.822872314453125e+02, 9.980267333984375e+02, 9.980267333984375e+02, 9.822872314453125e+02, 9.510565185546875e+02, 9.048270263671875e+02, 8.443279418945312e+02, 7.705132446289056e+02, 6.845471191406258e+02, 5.877852783203133e+02, 4.81753662109375e+02, 3.681245422363281e+02, 2.486898803710938e+02, 1.253332366943359e+02, 0e+00, 0e+00, 0e+00, 0e+00, 0e+00, 0e+00, 0e+00, 0e+00, 0e+00, 0e+00, 0e+00, 0e+00, 0e+00, 0e+00, 0e+00, 0e+00, 0e+00, 0e+00, 0e+00, 0e+00, 0e+00, 0e+00, 0e+00, 0e+00, 0e+00, 0e+00]
senTem.T=[2.931499938964844e+02, 2.914997253417969e+02, 2.757121276855469e+02, 2.760240478515625e+02, 2.760568237304688e+02, 2.760757751464844e+02, 2.760887451171875e+02, 2.760986328125e+02, 2.761070861816406e+02, 2.761150817871094e+02, 2.761233825683594e+02, 2.761333618164062e+02, 2.761410217285156e+02, 2.761524047851562e+02, 2.761636047363281e+02, 2.761708374023438e+02, 2.761813659667969e+02, 2.761899108886719e+02, 2.761983337402344e+02, 2.762076416015625e+02, 2.762191772460938e+02, 2.762353210449219e+02, 2.762608642578125e+02, 2.763084411621094e+02, 2.764269104003906e+02, 2.769447326660156e+02, 2.769447326660156e+02, 2.769447326660156e+02, 2.769447326660156e+02, 2.769447326660156e+02, 2.769447326660156e+02, 2.769447326660156e+02, 2.769447326660156e+02, 2.769447326660156e+02, 2.769447326660156e+02, 2.769447326660156e+02, 2.769447326660156e+02, 2.769447326660156e+02, 2.769447326660156e+02, 2.769447326660156e+02, 2.769447326660156e+02, 2.769447326660156e+02, 2.769447326660156e+02, 2.769447326660156e+02, 2.769447326660156e+02, 2.769447326660156e+02, 2.769447326660156e+02, 2.769447326660156e+02, 2.769447326660156e+02, 2.769447326660156e+02, 2.769447326660156e+02, 2.749501647949219e+02, 2.759743041992188e+02, 2.760252685546875e+02, 2.760567932128906e+02, 2.760757751464844e+02, 2.760887451171875e+02, 2.760985717773438e+02, 2.761070861816406e+02, 2.761150817871094e+02, 2.761233825683594e+02, 2.761333618164062e+02, 2.761410522460938e+02, 2.761524047851562e+02, 2.761636047363281e+02, 2.761708374023438e+02, 2.761813659667969e+02, 2.761899108886719e+02, 2.761983337402344e+02, 2.762076416015625e+02, 2.762191772460938e+02, 2.762353210449219e+02, 2.762608642578125e+02, 2.763084716796875e+02, 2.764269409179688e+02, 2.769449157714844e+02, 2.769449157714844e+02, 2.769449157714844e+02, 2.769449157714844e+02, 2.769449157714844e+02, 2.769449157714844e+02, 2.769449157714844e+02, 2.769449157714844e+02, 2.769449157714844e+02, 2.769449157714844e+02, 2.769449157714844e+02, 2.769449157714844e+02, 2.769449157714844e+02, 2.769449157714844e+02, 2.769449157714844e+02, 2.769449157714844e+02, 2.769449157714844e+02, 2.769449157714844e+02, 2.769449157714844e+02, 2.769449157714844e+02, 2.769449157714844e+02, 2.769449157714844e+02, 2.769449157714844e+02, 2.769449157714844e+02, 2.769449157714844e+02, 2.769449157714844e+02]
sou.T=[2.801499938964844e+02, 2.801499938964844e+02]
