last-generated=2025-10-10
statistics-simulation=
{
  "linear": " ",
  "nonlinear": " ",
  "number of continuous time states": "4",
  "numerical Jacobians": "0"
}
time=[0e+00, 8.64e+04]
PHea.y=[1.27743734375e+05, 1.301474609375e+05, 1.3255078125e+05, 1.34953921875e+05, 1.37357109375e+05, 1.39760015625e+05, 1.4216203125e+05, 1.44563625e+05, 1.46965328125e+05, 1.49556015625e+05, 1.529219375e+05, 1.5705471875e+05, 1.6189790625e+05, 1.6834675e+05, 1.8112265625e+05, 1.98737640625e+05, 2.18648328125e+05, 2.394365781250001e+05, 2.7071196875e+05, 3.0669653125e+05, 3.3649240625e+05, 3.4949159375e+05, 3.5092265625e+05, 3.4802646875e+05, 3.4222390625e+05, 3.349359375e+05, 3.274079375e+05, 3.1988109375e+05, 3.122699687499999e+05, 3.044891875e+05, 2.9639703125e+05, 2.880383125e+05, 2.79741125e+05, 2.7183771875e+05, 2.6475146875e+05, 2.58753484375e+05, 2.53441609375e+05, 2.48376625e+05, 2.431861875e+05, 2.3807759375e+05, 2.33304609375e+05, 2.290813125e+05, 2.25741203125e+05, 2.2456403125e+05, 2.24720203125e+05, 2.24780671875e+05, 2.2333878125e+05, 2.204645625e+05, 2.17126796875e+05, 2.1397675e+05, 2.11665734375e+05, 2.10104859375e+05, 2.0877103125e+05, 2.07664296875e+05, 2.067846875e+05, 2.06291890625e+05, 2.0622396875e+05, 2.061329375e+05, 2.055623125e+05, 2.04226828125e+05, 2.0252909375e+05, 2.0069696875e+05, 1.98927640625e+05, 1.97383640625e+05, 1.959713125e+05, 1.94641046875e+05, 1.933685625e+05, 1.921783125e+05, 1.91616734375e+05, 1.9166075e+05, 1.9207715625e+05, 1.927110625e+05, 1.9632546875e+05, 2.02282953125e+05, 2.07679234375e+05, 2.0961003125e+05, 2.075918125e+05, 2.035610625e+05, 1.9824353125e+05, 1.92364953125e+05, 1.85443078125e+05, 1.76712515625e+05, 1.68150796875e+05, 1.61789828125e+05, 1.59570546875e+05, 1.61135171875e+05, 1.64053265625e+05, 1.65833375e+05, 1.64646296875e+05, 1.62902359375e+05, 1.6114440625e+05, 1.5935621875e+05, 1.5752565625e+05, 1.55690984375e+05, 1.53856125e+05, 1.52008890625e+05, 1.28144390625e+05, 1.305480390625e+05, 1.329513125e+05, 1.353544375e+05, 1.3775765625e+05]
PDhw.y=[1.9e+04, 1.703084765625e+04, 1.51654794921875e+04, 1.3365541015625e+04, 1.15926796875e+04, 9.8414248046875e+03, 8.19360546875e+03, 6.718225585937498e+03, 5.483470703125e+03, 4.64069482421875e+03, 4.3983427734375e+03, 4.5697001953125e+03, 4.9420595703125e+03, 5.32457080078125e+03, 5.763340332031251e+03, 6.39374853515625e+03, 7.34349951171875e+03, 8.733307617187504e+03, 1.05470078125e+04, 1.27186982421875e+04, 1.51971806640625e+04, 1.7930892578125e+04, 2.08443359375e+04, 2.3847685546875e+04, 2.6856345703125e+04, 2.978571484375e+04, 3.26081875e+04, 3.53189296875e+04, 3.786750000000001e+04, 4.020345703125e+04, 4.1753203125e+04, 4.20300859375e+04, 4.189805078125e+04, 4.224633203125e+04, 4.374066796875001e+04, 4.590244921874999e+04, 4.820505859375e+04, 5.015209375e+04, 5.13001484375e+04, 5.181630078125e+04, 5.214e+04, 5.26960859375e+04, 5.385981640625e+04, 5.5278203125e+04, 5.676162109375e+04, 5.82854921875e+04, 5.98287890625e+04, 6.15077109375e+04, 6.330183984375e+04, 6.509153515625e+04, 6.6757140625e+04, 6.75682890625e+04, 6.7089375e+04, 6.56429375e+04, 6.35514921875e+04, 6.019147656249996e+04, 5.489468749999995e+04, 4.927863281250004e+04, 4.500484765625e+04, 4.301365625e+04, 4.18145078125e+04, 4.117537890625e+04, 4.101221484375e+04, 4.122483984375e+04, 4.171137109375e+04, 4.25734609375e+04, 4.393766015625e+04, 4.60214140625e+04, 4.975212500000004e+04, 5.443017578124996e+04, 5.889721093749996e+04, 6.200398046875e+04, 6.34621015625e+04, 6.410026171875e+04, 6.475000390625e+04, 6.6242859375e+04, 6.9322703125e+04, 7.35137578125e+04, 7.78180390625e+04, 8.123759375e+04, 8.33388828125e+04, 8.4454375e+04, 8.41273046875e+04, 8.18807109375e+04, 7.760296875e+04, 7.24646953125e+04, 6.70561953125e+04, 6.189486328125e+04, 5.735475e+04, 5.294415625e+04, 4.86563046875e+04, 4.461119140625e+04, 4.09412421875e+04, 3.78627578125e+04, 3.534217578125e+04, 3.328002734375e+04, 1.866297265625e+04, 1.671378125e+04, 1.48619814453125e+04, 1.30692197265625e+04, 1.1297142578125e+04]
PCoo.y=[1.6267e+05, 1.6267e+05, 1.6267e+05, 1.6267e+05, 1.6267e+05, 1.6267e+05, 1.6267e+05, 1.6267e+05, 1.6267e+05, 1.6267e+05, 1.6267e+05, 1.6267e+05, 1.6267e+05, 1.6267e+05, 1.6267e+05, 1.6267e+05, 1.6267e+05, 1.6267e+05, 1.6267e+05, 1.6267e+05, 1.6267e+05, 1.6267e+05, 1.6267e+05, 1.6267e+05, 1.6267e+05, 1.6267e+05, 1.6267e+05, 1.6267e+05, 1.6267e+05, 1.6267e+05, 1.6267e+05, 1.6267e+05, 1.6267e+05, 1.6267e+05, 1.6267e+05, 1.6267e+05, 1.6267e+05, 1.6267e+05, 1.6267e+05, 1.6267e+05, 1.6267e+05, 1.6267e+05, 1.6267e+05, 1.6267e+05, 1.6267e+05, 1.6267e+05, 1.6267e+05, 1.6267e+05, 1.6267e+05, 1.6267e+05, 1.6267e+05, 1.6267e+05, 1.6267e+05, 1.6267e+05, 1.6267e+05, 1.6267e+05, 1.6267e+05, 1.6267e+05, 1.6267e+05, 1.6267e+05, 1.6267e+05, 1.6267e+05, 1.6267e+05, 1.6267e+05, 1.6267e+05, 1.6267e+05, 1.6267e+05, 1.6267e+05, 1.6267e+05, 1.6267e+05, 1.6267e+05, 1.6267e+05, 1.6267e+05, 1.6267e+05, 1.6267e+05, 1.6267e+05, 1.6267e+05, 1.6267e+05, 1.6267e+05, 1.6267e+05, 1.6267e+05, 1.6267e+05, 1.6267e+05, 1.6267e+05, 1.6267e+05, 1.6267e+05, 1.6267e+05, 1.6267e+05, 1.6267e+05, 1.6267e+05, 1.6267e+05, 1.6267e+05, 1.6267e+05, 1.6267e+05, 1.6267e+05, 1.6267e+05, 1.6267e+05, 1.6267e+05, 1.6267e+05, 1.6267e+05, 1.6267e+05]
PEle.y=[2.282e+05, 2.3086421875e+05, 2.34437921875e+05, 2.3886634375e+05, 2.440946875e+05, 2.50505015625e+05, 2.58365515625e+05, 2.6678446875e+05, 2.74848625e+05, 2.8155040625e+05, 2.8624928125e+05, 2.8923690625e+05, 2.9085165625e+05, 2.8798528125e+05, 2.660506249999999e+05, 2.3664621875e+05, 2.15456828125e+05, 2.16365984375e+05, 2.26602453125e+05, 2.3889403125e+05, 2.5191303125e+05, 2.6434153125e+05, 2.7604490625e+05, 2.8883953125e+05, 3.0467728125e+05, 3.2551e+05, 4.7769846875e+05, 8.237466875e+05, 1.269821125000002e+06, 1.722088625e+06, 2.19874575e+06, 2.78470275e+06, 3.34193675e+06, 3.727717e+06, 3.871706e+06, 3.94197875e+06, 3.97402025e+06, 3.98823775e+06, 4.0024e+06, 4.0146235e+06, 4.0261785e+06, 4.04025675e+06, 4.0609505e+06, 4.09893e+06, 4.1477595e+06, 4.196341e+06, 4.2330575e+06, 4.2278145e+06, 4.17565175e+06, 4.08710225e+06, 3.9727e+06, 3.72718425e+06, 3.33675775e+06, 2.94915e+06, 2.71209025e+06, 2.65900625e+06, 2.64094975e+06, 2.64762475e+06, 2.67259425e+06, 2.715805e+06, 2.78338275e+06, 2.85312775e+06, 2.90091725e+06, 2.9039375e+06, 2.85718875e+06, 2.766643e+06, 2.6382145e+06, 2.47757975e+06, 2.290037749999998e+06, 2.088285125000002e+06, 1.886587375000002e+06, 1.69904275e+06, 1.529692875e+06, 1.37881975e+06, 1.249615e+06, 1.14527e+06, 1.20624125e+06, 1.4582545e+06, 1.732405e+06, 1.859788375e+06, 1.797245125e+06, 1.702895625e+06, 1.582826625e+06, 1.43888575e+06, 1.261844e+06, 1.0399563125e+06, 8.19803375e+05, 6.516313125e+05, 5.707306875e+05, 5.17414375e+05, 4.75351125e+05, 4.4092078125e+05, 4.1032425e+05, 3.793196875e+05, 3.4889834375e+05, 3.2119340625e+05, 2.28578546875e+05, 2.3139815625e+05, 2.35118125e+05, 2.39683671875e+05, 2.4504e+05]
pv.P=[0e+00, 0e+00, 0e+00, 0e+00, 0e+00, 0e+00, 0e+00, 0e+00, 0e+00, 0e+00, 0e+00, 0e+00, 0e+00, 0e+00, 0e+00, 0e+00, 0e+00, 0e+00, 0e+00, 0e+00, 0e+00, 0e+00, 0e+00, 0e+00, 0e+00, 0e+00, 0e+00, 0e+00, 0e+00, 0e+00, 0e+00, 0e+00, 4.122909851074219e+02, 2.205713623046875e+03, 5.350501464843766e+03, 9.77028222656248e+03, 1.662482421875e+04, 3.0772767578125e+04, 5.1690890625e+04, 7.8193171875e+04, 1.092887421875e+05, 1.449063125e+05, 1.826754375e+05, 2.19749e+05, 2.53422140625e+05, 2.8464659375e+05, 3.141856875e+05, 3.41763625e+05, 3.670901875e+05, 3.8772096875e+05, 4.026123125e+05, 4.1262159375e+05, 4.1860609375e+05, 4.20879e+05, 4.1871690625e+05, 4.116118124999999e+05, 3.990587187499999e+05, 3.818430312500002e+05, 3.62299e+05, 3.3945378125e+05, 3.121846875e+05, 2.802825625e+05, 2.472555625e+05, 2.139374375e+05, 1.80740265625e+05, 1.47932e+05, 1.149055390625e+05, 8.23967734375e+04, 5.146056640624975e+04, 2.353314062500021e+04, 6.598462402343852e+03, 6.33213005065918e+01, 0e+00, 0e+00, 0e+00, 0e+00, 0e+00, 0e+00, 0e+00, 0e+00, 0e+00, 0e+00, 0e+00, 0e+00, 0e+00, 0e+00, 0e+00, 0e+00, 0e+00, 0e+00, 0e+00, 0e+00, 0e+00, 0e+00, 0e+00, 0e+00, 0e+00, 0e+00, 0e+00, 0e+00, 0e+00]
EGriBuy.y=[1.000000013351432e-10, 4.65760128e+08, 9.3464096e+08, 1.407477504e+09, 1.885026304e+09, 2.368084736e+09, 2.857952256e+09, 3.355650304e+09, 3.861435136e+09, 4.374897664e+09, 4.895352832e+09, 5.422326784e+09, 5.955406336e+09, 6.493819904e+09, 7.030152192000001e+09, 7.556934144e+09, 8.077771776e+09, 8.607688704000002e+09, 9.16734464e+09, 9.76840704e+09, 1.041171456e+10, 1.1087541248e+10, 1.1781202944e+10, 1.248717824e+10, 1.3204127744e+10, 1.393358848e+10, 1.4716946432e+10, 1.5718144e+10, 1.706402508800001e+10, 1.8800205824e+10, 2.0918212608e+10, 2.349722624e+10, 2.657311744e+10, 3.005873152e+10, 3.375793971200002e+10, 3.753587507199998e+10, 4.1349054464e+10, 4.5169217536e+10, 4.8982573056e+10, 5.278337024e+10, 5.656532992e+10, 6.0325691392e+10, 6.4066084864e+10, 6.7798409216e+10, 7.15388928e+10, 7.529590784e+10, 7.90652928e+10, 8.282537984e+10, 8.6535815168e+10, 9.0163257344e+10, 9.368604672e+10, 9.7056382976e+10, 1.0013335552e+11, 1.02858194944e+11, 1.0530004992e+11, 1.07630092288e+11, 1.09935607808e+11, 1.12245170176e+11, 1.14579759104e+11, 1.16957806592e+11, 1.1940323328e+11, 1.21933324288e+11, 1.24542255104e+11, 1.27201804288e+11, 1.29869840384e+11, 1.32505935872e+11, 1.3507526656e+11, 1.37548136448e+11, 1.39899256832e+11, 1.42110277632e+11, 1.44170139648e+11, 1.46074435584e+11, 1.47830669312e+11, 1.49453504512e+11, 1.50960750592e+11, 1.52371724288e+11, 1.53747636224e+11, 1.55270168576e+11, 1.57032235008e+11, 1.58978883584e+11, 1.6093741056e+11, 1.62820980736e+11, 1.64604624896e+11, 1.6626663424e+11, 1.67785136128e+11, 1.69125363712e+11, 1.70268803072e+11, 1.71238047744e+11, 1.72095045632e+11, 1.7289412608e+11, 1.73646692352e+11, 1.74361427968e+11, 1.75043428352e+11, 1.75694577664e+11, 1.7631535104e+11, 1.76906960896e+11, 1.77458528256e+11, 1.77925062656e+11, 1.78394710016e+11, 1.78868420608e+11, 1.79346948096e+11]
EGriSel.y=[1.000000013351432e-10, 1.000000013351432e-10, 1.000000013351432e-10, 1.000000013351432e-10, 1.000000013351432e-10, 1.000000013351432e-10, 1.000000013351432e-10, 1.000000013351432e-10, 1.000000013351432e-10, 1.000000013351432e-10, 1.000000013351432e-10, 1.000000013351432e-10, 1.000000013351432e-10, 1.000000013351432e-10, 1.000000013351432e-10, 1.000000013351432e-10, 1.000000013351432e-10, 1.000000013351432e-10, 1.000000013351432e-10, 1.000000013351432e-10, 1.000000013351432e-10, 1.000000013351432e-10, 1.000000013351432e-10, 1.000000013351432e-10, 1.000000013351432e-10, 1.000000013351432e-10, 1.000000013351432e-10, 1.000000013351432e-10, 1.000000013351432e-10, 1.000000013351432e-10, 1.000000013351432e-10, 1.000000013351432e-10, 1.000000013351432e-10, 1.000000013351432e-10, 1.000000013351432e-10, 1.000000013351432e-10, 1.000000013351432e-10, 1.000000013351432e-10, 1.000000013351432e-10, 1.000000013351432e-10, 1.000000013351432e-10, 1.000000013351432e-10, 1.000000013351432e-10, 1.000000013351432e-10, 1.000000013351432e-10, 1.000000013351432e-10, 1.000000013351432e-10, 1.000000013351432e-10, 1.000000013351432e-10, 1.000000013351432e-10, 1.000000013351432e-10, 1.000000013351432e-10, 1.000000013351432e-10, 1.000000013351432e-10, 1.000000013351432e-10, 1.000000013351432e-10, 1.000000013351432e-10, 1.000000013351432e-10, 1.000000013351432e-10, 1.000000013351432e-10, 1.000000013351432e-10, 1.000000013351432e-10, 1.000000013351432e-10, 1.000000013351432e-10, 1.000000013351432e-10, 1.000000013351432e-10, 1.000000013351432e-10, 1.000000013351432e-10, 1.000000013351432e-10, 1.000000013351432e-10, 1.000000013351432e-10, 1.000000013351432e-10, 1.000000013351432e-10, 1.000000013351432e-10, 1.000000013351432e-10, 1.000000013351432e-10, 1.000000013351432e-10, 1.000000013351432e-10, 1.000000013351432e-10, 1.000000013351432e-10, 1.000000013351432e-10, 1.000000013351432e-10, 1.000000013351432e-10, 1.000000013351432e-10, 1.000000013351432e-10, 1.000000013351432e-10, 1.000000013351432e-10, 1.000000013351432e-10, 1.000000013351432e-10, 1.000000013351432e-10, 1.000000013351432e-10, 1.000000013351432e-10, 1.000000013351432e-10, 1.000000013351432e-10, 1.000000013351432e-10, 1.000000013351432e-10, 1.000000013351432e-10, 1.000000013351432e-10, 1.000000013351432e-10, 1.000000013351432e-10, 1.000000013351432e-10]
preCos_MEur.y=[1.4e+01, 1.400028896331787e+01, 1.400057983398438e+01, 1.400087261199951e+01, 1.40011682510376e+01, 1.400146770477295e+01, 1.400177192687988e+01, 1.400207996368408e+01, 1.400239372253418e+01, 1.400271224975586e+01, 1.40030345916748e+01, 1.400336170196533e+01, 1.400369167327881e+01, 1.400402545928955e+01, 1.400435829162598e+01, 1.400468444824219e+01, 1.400500774383545e+01, 1.400533580780029e+01, 1.400568294525146e+01, 1.400605583190918e+01, 1.400645446777344e+01, 1.400687313079834e+01, 1.400730323791504e+01, 1.400774097442627e+01, 1.400818538665771e+01, 1.400863742828369e+01, 1.400912284851074e+01, 1.400974369049072e+01, 1.401057815551758e+01, 1.401165390014648e+01, 1.401296710968018e+01, 1.401456546783447e+01, 1.401647281646729e+01, 1.401863288879395e+01, 1.40209264755249e+01, 1.4023268699646e+01, 1.402563190460205e+01, 1.402799987792969e+01, 1.403036403656006e+01, 1.40327205657959e+01, 1.403506469726562e+01, 1.403739547729492e+01, 1.403971385955811e+01, 1.404202747344971e+01, 1.404434680938721e+01, 1.404667568206787e+01, 1.404901218414307e+01, 1.405134296417236e+01, 1.405364322662354e+01, 1.405589199066162e+01, 1.405807590484619e+01, 1.406016445159912e+01, 1.406207180023193e+01, 1.406376171112061e+01, 1.406527519226074e+01, 1.406671905517578e+01, 1.406814861297607e+01, 1.4069580078125e+01, 1.40710277557373e+01, 1.407250118255615e+01, 1.407401752471924e+01, 1.407558536529541e+01, 1.407720279693604e+01, 1.40788516998291e+01, 1.408050537109375e+01, 1.408213996887207e+01, 1.408373260498047e+01, 1.408526515960693e+01, 1.40867223739624e+01, 1.408809375762939e+01, 1.408937072753906e+01, 1.409055042266846e+01, 1.409163951873779e+01, 1.40926456451416e+01, 1.409358024597168e+01, 1.409445476531982e+01, 1.409530735015869e+01, 1.409625148773193e+01, 1.409734344482422e+01, 1.409854984283447e+01, 1.409976387023926e+01, 1.410093212127686e+01, 1.410203742980957e+01, 1.410306739807129e+01, 1.410400867462158e+01, 1.410484027862549e+01, 1.410554885864258e+01, 1.410614967346191e+01, 1.410668087005615e+01, 1.410717582702637e+01, 1.410764312744141e+01, 1.410808563232422e+01, 1.410850811004639e+01, 1.410891246795654e+01, 1.410929679870605e+01, 1.410966396331787e+01, 1.411000537872314e+01, 1.411029529571533e+01, 1.411058616638184e+01, 1.411087989807129e+01, 1.411117649078369e+01]
nPV=[5e+03, 5e+03]
