last-generated=2025-10-10
statistics-simulation=
{
  "linear": " ",
  "nonlinear": " ",
  "number of continuous time states": "4",
  "numerical Jacobians": "0"
}
time=[0e+00, 8.64e+04]
PHea.y=[1.27743734375e+05, 1.301474609375e+05, 1.3255078125e+05, 1.34953921875e+05, 1.37357109375e+05, 1.39760015625e+05, 1.4216203125e+05, 1.44563625e+05, 1.46965328125e+05, 1.49556015625e+05, 1.529219375e+05, 1.5705471875e+05, 1.6189790625e+05, 1.6834675e+05, 1.8112265625e+05, 1.98737640625e+05, 2.18648328125e+05, 2.394365781250001e+05, 2.7071196875e+05, 3.0669653125e+05, 3.3649240625e+05, 3.4949159375e+05, 3.5092265625e+05, 3.4802646875e+05, 3.4222390625e+05, 3.349359375e+05, 3.274079375e+05, 3.1988109375e+05, 3.122699687499999e+05, 3.044891875e+05, 2.9639703125e+05, 2.880383125e+05, 2.79741125e+05, 2.7183771875e+05, 2.6475146875e+05, 2.58753484375e+05, 2.53441609375e+05, 2.48376625e+05, 2.431861875e+05, 2.3807759375e+05, 2.33304609375e+05, 2.290813125e+05, 2.25741203125e+05, 2.2456403125e+05, 2.24720203125e+05, 2.24780671875e+05, 2.2333878125e+05, 2.204645625e+05, 2.17126796875e+05, 2.1397675e+05, 2.11665734375e+05, 2.10104859375e+05, 2.0877103125e+05, 2.07664296875e+05, 2.067846875e+05, 2.06291890625e+05, 2.0622396875e+05, 2.061329375e+05, 2.055623125e+05, 2.04226828125e+05, 2.0252909375e+05, 2.0069696875e+05, 1.98927640625e+05, 1.97383640625e+05, 1.959713125e+05, 1.94641046875e+05, 1.933685625e+05, 1.921783125e+05, 1.91616734375e+05, 1.9166075e+05, 1.9207715625e+05, 1.927110625e+05, 1.9632546875e+05, 2.02282953125e+05, 2.07679234375e+05, 2.0961003125e+05, 2.075918125e+05, 2.035610625e+05, 1.9824353125e+05, 1.92364953125e+05, 1.85443078125e+05, 1.76712515625e+05, 1.68150796875e+05, 1.61789828125e+05, 1.59570546875e+05, 1.61135171875e+05, 1.64053265625e+05, 1.65833375e+05, 1.64646296875e+05, 1.62902359375e+05, 1.6114440625e+05, 1.5935621875e+05, 1.5752565625e+05, 1.55690984375e+05, 1.53856125e+05, 1.52008890625e+05, 1.28144390625e+05, 1.305480390625e+05, 1.329513125e+05, 1.353544375e+05, 1.3775765625e+05]
PDhw.y=[1.9e+04, 1.703084765625e+04, 1.51654794921875e+04, 1.3365541015625e+04, 1.15926796875e+04, 9.8414248046875e+03, 8.19360546875e+03, 6.718225585937498e+03, 5.483470703125e+03, 4.64069482421875e+03, 4.3983427734375e+03, 4.5697001953125e+03, 4.9420595703125e+03, 5.32457080078125e+03, 5.763340332031251e+03, 6.39374853515625e+03, 7.34349951171875e+03, 8.733307617187504e+03, 1.05470078125e+04, 1.27186982421875e+04, 1.51971806640625e+04, 1.7930892578125e+04, 2.08443359375e+04, 2.3847685546875e+04, 2.6856345703125e+04, 2.978571484375e+04, 3.26081875e+04, 3.53189296875e+04, 3.786750000000001e+04, 4.020345703125e+04, 4.1753203125e+04, 4.20300859375e+04, 4.189805078125e+04, 4.224633203125e+04, 4.374066796875001e+04, 4.590244921874999e+04, 4.820505859375e+04, 5.015209375e+04, 5.13001484375e+04, 5.181630078125e+04, 5.214e+04, 5.26960859375e+04, 5.385981640625e+04, 5.5278203125e+04, 5.676162109375e+04, 5.82854921875e+04, 5.98287890625e+04, 6.15077109375e+04, 6.330183984375e+04, 6.509153515625e+04, 6.6757140625e+04, 6.75682890625e+04, 6.7089375e+04, 6.56429375e+04, 6.35514921875e+04, 6.019147656249996e+04, 5.489468749999995e+04, 4.927863281250004e+04, 4.500484765625e+04, 4.301365625e+04, 4.18145078125e+04, 4.117537890625e+04, 4.101221484375e+04, 4.122483984375e+04, 4.171137109375e+04, 4.25734609375e+04, 4.393766015625e+04, 4.60214140625e+04, 4.975212500000004e+04, 5.443017578124996e+04, 5.889721093749996e+04, 6.200398046875e+04, 6.34621015625e+04, 6.410026171875e+04, 6.475000390625e+04, 6.6242859375e+04, 6.9322703125e+04, 7.35137578125e+04, 7.78180390625e+04, 8.123759375e+04, 8.33388828125e+04, 8.4454375e+04, 8.41273046875e+04, 8.18807109375e+04, 7.760296875e+04, 7.24646953125e+04, 6.70561953125e+04, 6.189486328125e+04, 5.735475e+04, 5.294415625e+04, 4.86563046875e+04, 4.461119140625e+04, 4.09412421875e+04, 3.78627578125e+04, 3.534217578125e+04, 3.328002734375e+04, 1.866297265625e+04, 1.671378125e+04, 1.48619814453125e+04, 1.30692197265625e+04, 1.1297142578125e+04]
PCoo.y=[1.6267e+05, 1.6267e+05, 1.6267e+05, 1.6267e+05, 1.6267e+05, 1.6267e+05, 1.6267e+05, 1.6267e+05, 1.6267e+05, 1.6267e+05, 1.6267e+05, 1.6267e+05, 1.6267e+05, 1.6267e+05, 1.6267e+05, 1.6267e+05, 1.6267e+05, 1.6267e+05, 1.6267e+05, 1.6267e+05, 1.6267e+05, 1.6267e+05, 1.6267e+05, 1.6267e+05, 1.6267e+05, 1.6267e+05, 1.6267e+05, 1.6267e+05, 1.6267e+05, 1.6267e+05, 1.6267e+05, 1.6267e+05, 1.6267e+05, 1.6267e+05, 1.6267e+05, 1.6267e+05, 1.6267e+05, 1.6267e+05, 1.6267e+05, 1.6267e+05, 1.6267e+05, 1.6267e+05, 1.6267e+05, 1.6267e+05, 1.6267e+05, 1.6267e+05, 1.6267e+05, 1.6267e+05, 1.6267e+05, 1.6267e+05, 1.6267e+05, 1.6267e+05, 1.6267e+05, 1.6267e+05, 1.6267e+05, 1.6267e+05, 1.6267e+05, 1.6267e+05, 1.6267e+05, 1.6267e+05, 1.6267e+05, 1.6267e+05, 1.6267e+05, 1.6267e+05, 1.6267e+05, 1.6267e+05, 1.6267e+05, 1.6267e+05, 1.6267e+05, 1.6267e+05, 1.6267e+05, 1.6267e+05, 1.6267e+05, 1.6267e+05, 1.6267e+05, 1.6267e+05, 1.6267e+05, 1.6267e+05, 1.6267e+05, 1.6267e+05, 1.6267e+05, 1.6267e+05, 1.6267e+05, 1.6267e+05, 1.6267e+05, 1.6267e+05, 1.6267e+05, 1.6267e+05, 1.6267e+05, 1.6267e+05, 1.6267e+05, 1.6267e+05, 1.6267e+05, 1.6267e+05, 1.6267e+05, 1.6267e+05, 1.6267e+05, 1.6267e+05, 1.6267e+05, 1.6267e+05, 1.6267e+05]
PEle.y=[2.282e+05, 2.3086421875e+05, 2.34437921875e+05, 2.3886634375e+05, 2.440946875e+05, 2.50505015625e+05, 2.58365515625e+05, 2.6678446875e+05, 2.74848625e+05, 2.8155040625e+05, 2.8624928125e+05, 2.8923690625e+05, 2.9085165625e+05, 2.8798528125e+05, 2.660506249999999e+05, 2.3664621875e+05, 2.15456828125e+05, 2.16365984375e+05, 2.26602453125e+05, 2.3889403125e+05, 2.5191303125e+05, 2.6434153125e+05, 2.7604490625e+05, 2.8883953125e+05, 3.0467728125e+05, 3.2551e+05, 4.7769846875e+05, 8.237466875e+05, 1.269821125000002e+06, 1.722088625e+06, 2.19874575e+06, 2.78470275e+06, 3.34193675e+06, 3.727717e+06, 3.871706e+06, 3.94197875e+06, 3.97402025e+06, 3.98823775e+06, 4.0024e+06, 4.0146235e+06, 4.0261785e+06, 4.04025675e+06, 4.0609505e+06, 4.09893e+06, 4.1477595e+06, 4.196341e+06, 4.2330575e+06, 4.2278145e+06, 4.17565175e+06, 4.08710225e+06, 3.9727e+06, 3.72718425e+06, 3.33675775e+06, 2.94915e+06, 2.71209025e+06, 2.65900625e+06, 2.64094975e+06, 2.64762475e+06, 2.67259425e+06, 2.715805e+06, 2.78338275e+06, 2.85312775e+06, 2.90091725e+06, 2.9039375e+06, 2.85718875e+06, 2.766643e+06, 2.6382145e+06, 2.47757975e+06, 2.290037749999998e+06, 2.088285125000002e+06, 1.886587375000002e+06, 1.69904275e+06, 1.529692875e+06, 1.37881975e+06, 1.249615e+06, 1.14527e+06, 1.20624125e+06, 1.4582545e+06, 1.732405e+06, 1.859788375e+06, 1.797245125e+06, 1.702895625e+06, 1.582826625e+06, 1.43888575e+06, 1.261844e+06, 1.0399563125e+06, 8.19803375e+05, 6.516313125e+05, 5.707306875e+05, 5.17414375e+05, 4.75351125e+05, 4.4092078125e+05, 4.1032425e+05, 3.793196875e+05, 3.4889834375e+05, 3.2119340625e+05, 2.28578546875e+05, 2.3139815625e+05, 2.35118125e+05, 2.39683671875e+05, 2.4504e+05]
EGriBuy.y=[1.000000013351432e-10, 4.65760128e+08, 9.3464096e+08, 1.407477504e+09, 1.885026304e+09, 2.368084736e+09, 2.857952256e+09, 3.355650304e+09, 3.861435136e+09, 4.374897664e+09, 4.895352832e+09, 5.422326784e+09, 5.955406336e+09, 6.493819904e+09, 7.030152192000001e+09, 7.556934144e+09, 8.077771776e+09, 8.607688704000002e+09, 9.16734464e+09, 9.76840704e+09, 1.041171456e+10, 1.1087541248e+10, 1.1781202944e+10, 1.248717824e+10, 1.3204127744e+10, 1.393358848e+10, 1.4716946432e+10, 1.5718144e+10, 1.706402508800001e+10, 1.8800205824e+10, 2.0918212608e+10, 2.349722624e+10, 2.6573213696e+10, 3.0059864064e+10, 3.376210329600002e+10, 3.754645503999998e+10, 4.1370566656e+10, 4.5210681344e+10, 4.905914368e+10, 5.2915666944e+10, 5.6778334208e+10, 6.0648235008e+10, 6.4530190336e+10, 6.8436000768e+10, 7.2380940288e+10, 7.63705344e+10, 8.0398852096e+10, 8.4442406912e+10, 8.8459288576e+10, 9.2413247488e+10, 9.6277897216e+10, 1.0000084992e+11, 1.03437287424e+11, 1.06525138944e+11, 1.093300224e+11, 1.12018866176e+11, 1.14674876416e+11, 1.17321416704e+11, 1.19977713664e+11, 1.22659127296e+11, 1.25386432512e+11, 1.2817235968e+11, 1.31008995328e+11, 1.33867831296e+11, 1.36706523136e+11, 1.39484626944e+11, 1.42167523328e+11, 1.447256064e+11, 1.4713454592e+11, 1.4937792512e+11, 1.51450025984e+11, 1.53356566528e+11, 1.55112554496e+11, 1.56735389696e+11, 1.58242783232e+11, 1.59653412864e+11, 1.6102875136e+11, 1.62550939648e+11, 1.64312776704e+11, 1.6625942528e+11, 1.68218181632e+11, 1.70101669888e+11, 1.71885428736e+11, 1.735471104e+11, 1.75064776704e+11, 1.76405250048e+11, 1.77548148736e+11, 1.78517098496e+11, 1.7937498112e+11, 1.80174045184e+11, 1.80926595072e+11, 1.81640675328e+11, 1.82322593792e+11, 1.82973743104e+11, 1.83593992192e+11, 1.84185503744e+11, 1.84736776192e+11, 1.85203326976e+11, 1.85672974336e+11, 1.86146668544e+11, 1.86625212416e+11]
EGriSel.y=[1.000000013351432e-10, 1.000000013351432e-10, 1.000000013351432e-10, 1.000000013351432e-10, 1.000000013351432e-10, 1.000000013351432e-10, 1.000000013351432e-10, 1.000000013351432e-10, 1.000000013351432e-10, 1.000000013351432e-10, 1.000000013351432e-10, 1.000000013351432e-10, 1.000000013351432e-10, 1.000000013351432e-10, 1.000000013351432e-10, 1.000000013351432e-10, 1.000000013351432e-10, 1.000000013351432e-10, 1.000000013351432e-10, 1.000000013351432e-10, 1.000000013351432e-10, 1.000000013351432e-10, 1.000000013351432e-10, 1.000000013351432e-10, 1.000000013351432e-10, 1.000000013351432e-10, 1.000000013351432e-10, 1.000000013351432e-10, 1.000000013351432e-10, 1.000000013351432e-10, 1.000000013351432e-10, 1.000000013351432e-10, 1.000000013351432e-10, 1.000000013351432e-10, 1.000000013351432e-10, 1.000000013351432e-10, 1.000000013351432e-10, 1.000000013351432e-10, 1.000000013351432e-10, 1.000000013351432e-10, 1.000000013351432e-10, 1.000000013351432e-10, 1.000000013351432e-10, 1.000000013351432e-10, 1.000000013351432e-10, 1.000000013351432e-10, 1.000000013351432e-10, 1.000000013351432e-10, 1.000000013351432e-10, 1.000000013351432e-10, 1.000000013351432e-10, 1.000000013351432e-10, 1.000000013351432e-10, 1.000000013351432e-10, 1.000000013351432e-10, 1.000000013351432e-10, 1.000000013351432e-10, 1.000000013351432e-10, 1.000000013351432e-10, 1.000000013351432e-10, 1.000000013351432e-10, 1.000000013351432e-10, 1.000000013351432e-10, 1.000000013351432e-10, 1.000000013351432e-10, 1.000000013351432e-10, 1.000000013351432e-10, 1.000000013351432e-10, 1.000000013351432e-10, 1.000000013351432e-10, 1.000000013351432e-10, 1.000000013351432e-10, 1.000000013351432e-10, 1.000000013351432e-10, 1.000000013351432e-10, 1.000000013351432e-10, 1.000000013351432e-10, 1.000000013351432e-10, 1.000000013351432e-10, 1.000000013351432e-10, 1.000000013351432e-10, 1.000000013351432e-10, 1.000000013351432e-10, 1.000000013351432e-10, 1.000000013351432e-10, 1.000000013351432e-10, 1.000000013351432e-10, 1.000000013351432e-10, 1.000000013351432e-10, 1.000000013351432e-10, 1.000000013351432e-10, 1.000000013351432e-10, 1.000000013351432e-10, 1.000000013351432e-10, 1.000000013351432e-10, 1.000000013351432e-10, 1.000000013351432e-10, 1.000000013351432e-10, 1.000000013351432e-10, 1.000000013351432e-10, 1.000000013351432e-10]
preCos_MEur.y=[1.033158000922496e-22, 2.887222799472511e-04, 5.793790915049613e-04, 8.724879589863122e-04, 1.168517977930605e-03, 1.467963331378996e-03, 1.77162978798151e-03, 2.080150181427598e-03, 2.393683418631554e-03, 2.711976179853082e-03, 3.034603781998158e-03, 3.361272159963846e-03, 3.691725200042129e-03, 4.025484900921583e-03, 4.357954487204553e-03, 4.684504121541977e-03, 5.007368512451649e-03, 5.33586135134101e-03, 5.682789254933596e-03, 6.055384408682585e-03, 6.454167421907187e-03, 6.873109377920628e-03, 7.303106598556042e-03, 7.740736939013004e-03, 8.185169659554958e-03, 8.63735843449831e-03, 9.122958406805992e-03, 9.743595495820045e-03, 1.057790033519268e-02, 1.165414974093437e-02, 1.296709105372429e-02, 1.456580776721239e-02, 1.647259667515755e-02, 1.863395236432552e-02, 2.092895098030568e-02, 2.327485196292399e-02, 2.564539760351181e-02, 2.802586555480957e-02, 3.041150793433189e-02, 3.280214592814445e-02, 3.519659489393234e-02, 3.759552538394928e-02, 4.000192880630493e-02, 4.242312163114548e-02, 4.486856609582901e-02, 4.734169319272041e-02, 4.98388260602951e-02, 5.23454062640667e-02, 5.483545362949371e-02, 5.728648975491524e-02, 5.968216434121132e-02, 6.199000403285027e-02, 6.412024050951004e-02, 6.603437662124634e-02, 6.777311116456985e-02, 6.943991035223009e-02, 7.108635455369951e-02, 7.272693514823912e-02, 7.437355816364288e-02, 7.60357528924942e-02, 7.772639393806458e-02, 7.945337891578674e-02, 8.121179044246674e-02, 8.298397064208984e-02, 8.474366366863251e-02, 8.646579086780548e-02, 8.812890201807022e-02, 8.97146463394165e-02, 9.120793640613557e-02, 9.259859472513197e-02, 9.388308227062224e-02, 9.506493806838989e-02, 9.615346789360046e-02, 9.715945273637772e-02, 9.809387475252151e-02, 9.896831959486008e-02, 9.982088208198547e-02, 1.007644757628441e-01, 1.018566340208054e-01, 1.030633524060249e-01, 1.042775735259056e-01, 1.054451391100883e-01, 1.065508797764778e-01, 1.075809448957443e-01, 1.085217446088791e-01, 1.093527004122734e-01, 1.100611761212349e-01, 1.106618195772171e-01, 1.111936122179031e-01, 1.11688956618309e-01, 1.12155444920063e-01, 1.125981062650681e-01, 1.130208298563957e-01, 1.134244725108147e-01, 1.138089597225189e-01, 1.141756325960159e-01, 1.145173609256744e-01, 1.148065775632858e-01, 1.150977090001106e-01, 1.153913512825966e-01, 1.156879961490631e-01]
