last-generated=2025-10-10
statistics-initialization=
{
  "nonlinear": "0, 1, 0, 1, 1, 0, 3, 0, 1, 1, 1, 1, 1",
  "numerical Jacobians": "0"
}
statistics-simulation=
{
  "linear": " ",
  "nonlinear": "4, 1, 1, 1, 1, 1, 1",
  "number of continuous time states": "26",
  "numerical Jacobians": "0"
}
time=[0e+00, 8.64e+04]
nPV=[5e+03, 5e+03]
EBatMax=[3.5999997952e+10, 3.5999997952e+10]
hea.P=[2.158368896484375e+03, 1.201538203125e+05, 1.225586796875e+05, 1.24884484375e+05, 1.27214140625e+05, 1.29548890625e+05, 1.31887375e+05, 1.34230953125e+05, 1.36579546875e+05, 1.3912428125e+05, 1.42443765625e+05, 1.46529703125e+05, 1.51334125e+05, 1.5779265625e+05, 1.70709e+05, 1.8867271875e+05, 2.0925053125e+05, 2.311108125000001e+05, 2.648839375e+05, 3.04589e+05, 3.3807484375e+05, 3.5281175e+05, 3.5471046875e+05, 3.5102553125e+05, 3.43784375e+05, 3.3543165625e+05, 3.26890125e+05, 3.1839059375e+05, 3.098564062499999e+05, 3.01176625e+05, 2.921956875e+05, 2.829794375e+05, 2.738964375e+05, 2.65304375e+05, 2.5765425e+05, 2.5121421875e+05, 2.45529734375e+05, 2.40124e+05, 2.34601953125e+05, 2.2919571875e+05, 2.2416909375e+05, 2.19742234375e+05, 2.16262765625e+05, 2.15070921875e+05, 2.15250015625e+05, 2.15305109375e+05, 2.137671875e+05, 2.107526875e+05, 2.07276453125e+05, 2.04015046875e+05, 2.0163978125e+05, 2.00034640625e+05, 1.98661390625e+05, 1.97523734375e+05, 1.9662109375e+05, 1.96121359375e+05, 1.960560625e+05, 1.9596e+05, 1.95363375e+05, 1.9397925e+05, 1.92231390625e+05, 1.903515e+05, 1.88541828125e+05, 1.86966796875e+05, 1.85526125e+05, 1.8417034375e+05, 1.828745625e+05, 1.81665328125e+05, 1.81106203125e+05, 1.8115953125e+05, 1.8158784375e+05, 1.82236609375e+05, 1.85983390625e+05, 1.92106546875e+05, 1.9763478125e+05, 1.9955715625e+05, 1.97423703125e+05, 1.932479375e+05, 1.87781421875e+05, 1.8177953125e+05, 1.74729578125e+05, 1.6590990625e+05, 1.57354078125e+05, 1.510705625e+05, 1.48939515625e+05, 1.50535609375e+05, 1.53441140625e+05, 1.551836875e+05, 1.539618125e+05, 1.5222875e+05, 1.50484859375e+05, 1.4871346875e+05, 1.46902859375e+05, 1.4509184375e+05, 1.4328334375e+05, 1.41465390625e+05, 1.17264453125e+05, 1.206262890625e+05, 1.229468828125e+05, 1.25272296875e+05, 1.276031640625e+05]
dhw.P=[1.88608740234375e+03, 3.1241794921875e+04, 1.8300685546875e+04, 1.426977734375e+04, 1.20496279296875e+04, 1.03662509765625e+04, 8.885291015625e+03, 7.610302246093749e+03, 6.541763671875e+03, 5.815638671875e+03, 5.60630322265625e+03, 5.7519833984375e+03, 6.07008544921875e+03, 6.39712109375e+03, 6.772694335937501e+03, 7.31299462890625e+03, 8.12804052734375e+03, 9.323658203125004e+03, 1.09066328125e+04, 1.276724609375e+04, 1.48997763671875e+04, 1.7268548828125e+04, 1.979075390625e+04, 2.2404658203125e+04, 2.50295859375e+04, 2.7594103515625e+04, 3.0074326171875e+04, 3.24640703125e+04, 3.471762109375001e+04, 3.678867578125e+04, 3.815192578125e+04, 3.838530078125e+04, 3.826598828125e+04, 3.858640625e+04, 3.993607421875001e+04, 4.187570703124999e+04, 4.394105078125e+04, 4.56856875e+04, 4.67085625e+04, 4.71681796875e+04, 4.745966796875e+04, 4.796684765625e+04, 4.902860546875e+04, 5.031419921875e+04, 5.1661625e+04, 5.30478203125e+04, 5.44543046875e+04, 5.5990125e+04, 5.7634296875e+04, 5.9274125e+04, 6.0781953125e+04, 6.150174609375e+04, 6.105116796875e+04, 5.97296640625e+04, 5.7810515625e+04, 5.471065234374996e+04, 4.987502343749996e+04, 4.480678906250004e+04, 4.09961484375e+04, 3.924426171875e+04, 3.818140625e+04, 3.76190859375e+04, 3.747961328125e+04, 3.767333984375e+04, 3.811023046875e+04, 3.888412109375e+04, 4.010903125e+04, 4.19841484375e+04, 4.535953906250004e+04, 4.959119921874996e+04, 5.364132031249997e+04, 5.64548359375e+04, 5.7772484375e+04, 5.83513515625e+04, 5.894991796875e+04, 6.03204609375e+04, 6.3139875e+04, 6.69716015625e+04, 7.09088046875e+04, 7.4033984375e+04, 7.5953734375e+04, 7.6967578125e+04, 7.6644609375e+04, 7.4547078125e+04, 7.059396875e+04, 6.5886015625e+04, 6.096192578125e+04, 5.625673046875e+04, 5.2124359375e+04, 4.812608984375e+04, 4.42632890625e+04, 4.064048828125e+04, 3.737199609375e+04, 3.46458671875e+04, 3.2421474609375e+04, 3.0606912109375e+04, 1.76292109375e+04, 1.62042197265625e+04, 1.45547763671875e+04, 1.3008005859375e+04, 1.15022734375e+04]
coo.P=[1.260189628601074e+01, 1.294629974365234e+02, 2.395054321289062e+02, 2.796438903808594e+02, 2.867191162109375e+02, 2.82220458984375e+02, 2.751867370605469e+02, 2.688520202636719e+02, 2.640415649414062e+02, 2.606907348632812e+02, 2.584794921875e+02, 2.570753173828125e+02, 2.562097778320312e+02, 2.556891632080078e+02, 2.553825378417969e+02, 2.552053375244141e+02, 2.551046752929688e+02, 2.550484466552734e+02, 2.550175323486328e+02, 2.550008239746094e+02, 2.549919586181641e+02, 2.549873199462891e+02, 2.549849700927734e+02, 2.549837951660156e+02, 2.549832305908203e+02, 2.549829711914062e+02, 2.549828491210938e+02, 2.549828033447266e+02, 2.549827880859375e+02, 2.549827880859375e+02, 2.549827880859375e+02, 2.549828033447266e+02, 2.549828033447266e+02, 2.549828033447266e+02, 2.549828033447266e+02, 2.549828033447266e+02, 2.549828033447266e+02, 2.549828033447266e+02, 2.549828033447266e+02, 2.549828033447266e+02, 2.549828033447266e+02, 2.549828033447266e+02, 2.549828033447266e+02, 2.549828033447266e+02, 2.549828033447266e+02, 2.549828033447266e+02, 2.549828033447266e+02, 2.549828033447266e+02, 2.549828033447266e+02, 2.549828033447266e+02, 2.549828033447266e+02, 2.549828033447266e+02, 2.549828033447266e+02, 2.549828033447266e+02, 2.549828033447266e+02, 2.549828033447266e+02, 2.549828033447266e+02, 2.549828033447266e+02, 2.549828033447266e+02, 2.549828033447266e+02, 2.549828033447266e+02, 2.549828033447266e+02, 2.549828033447266e+02, 2.549828033447266e+02, 2.549828033447266e+02, 2.549828033447266e+02, 2.549828033447266e+02, 2.549828033447266e+02, 2.549828033447266e+02, 2.549828033447266e+02, 2.549828033447266e+02, 2.549828033447266e+02, 2.549828033447266e+02, 2.549828033447266e+02, 2.549828033447266e+02, 2.549828033447266e+02, 2.549828033447266e+02, 2.549828033447266e+02, 2.549828033447266e+02, 2.549828033447266e+02, 2.549828033447266e+02, 2.549828033447266e+02, 2.549828033447266e+02, 2.549828033447266e+02, 2.549828033447266e+02, 2.549828033447266e+02, 2.549828033447266e+02, 2.549828033447266e+02, 2.549828033447266e+02, 2.549828033447266e+02, 2.549828033447266e+02, 2.549828033447266e+02, 2.549828033447266e+02, 2.549828033447266e+02, 2.549828033447266e+02, 2.549828033447266e+02, 2.549828033447266e+02, 2.549828033447266e+02, 2.549828033447266e+02, 2.549828033447266e+02, 2.549828033447266e+02]
PEle.y=[2.282e+05, 2.3086421875e+05, 2.34437921875e+05, 2.3886634375e+05, 2.440946875e+05, 2.50505015625e+05, 2.58365515625e+05, 2.6678446875e+05, 2.74848625e+05, 2.8155040625e+05, 2.8624928125e+05, 2.8923690625e+05, 2.9085165625e+05, 2.8798528125e+05, 2.660506249999999e+05, 2.3664621875e+05, 2.15456828125e+05, 2.16365984375e+05, 2.26602453125e+05, 2.3889403125e+05, 2.5191303125e+05, 2.6434153125e+05, 2.7604490625e+05, 2.8883953125e+05, 3.0467728125e+05, 3.2551e+05, 4.7769846875e+05, 8.237466875e+05, 1.269821125000002e+06, 1.722088625e+06, 2.19874575e+06, 2.78470275e+06, 3.34193675e+06, 3.727717e+06, 3.871706e+06, 3.94197875e+06, 3.97402025e+06, 3.98823775e+06, 4.0024e+06, 4.0146235e+06, 4.0261785e+06, 4.04025675e+06, 4.0609505e+06, 4.09893e+06, 4.1477595e+06, 4.196341e+06, 4.2330575e+06, 4.2278145e+06, 4.17565175e+06, 4.08710225e+06, 3.9727e+06, 3.72718425e+06, 3.33675775e+06, 2.94915e+06, 2.71209025e+06, 2.65900625e+06, 2.64094975e+06, 2.64762475e+06, 2.67259425e+06, 2.715805e+06, 2.78338275e+06, 2.85312775e+06, 2.90091725e+06, 2.9039375e+06, 2.85718875e+06, 2.766643e+06, 2.6382145e+06, 2.47757975e+06, 2.290037749999998e+06, 2.088285125000002e+06, 1.886587375000002e+06, 1.69904275e+06, 1.529692875e+06, 1.37881975e+06, 1.249615e+06, 1.14527e+06, 1.20624125e+06, 1.4582545e+06, 1.732405e+06, 1.859788375e+06, 1.797245125e+06, 1.702895625e+06, 1.582826625e+06, 1.43888575e+06, 1.261844e+06, 1.0399563125e+06, 8.19803375e+05, 6.516313125e+05, 5.707306875e+05, 5.17414375e+05, 4.75351125e+05, 4.4092078125e+05, 4.1032425e+05, 3.793196875e+05, 3.4889834375e+05, 3.2119340625e+05, 2.28578546875e+05, 2.3139815625e+05, 2.35118125e+05, 2.39683671875e+05, 2.4504e+05]
pv.P=[0e+00, 0e+00, 0e+00, 0e+00, 0e+00, 0e+00, 0e+00, 0e+00, 0e+00, 0e+00, 0e+00, 0e+00, 0e+00, 0e+00, 0e+00, 0e+00, 0e+00, 0e+00, 0e+00, 0e+00, 0e+00, 0e+00, 0e+00, 0e+00, 0e+00, 0e+00, 0e+00, 0e+00, 0e+00, 0e+00, 0e+00, 0e+00, 4.122909851074219e+02, 2.205713623046875e+03, 5.350501464843766e+03, 9.77028222656248e+03, 1.662482421875e+04, 3.0772767578125e+04, 5.1690890625e+04, 7.8193171875e+04, 1.092887421875e+05, 1.449063125e+05, 1.826754375e+05, 2.19749e+05, 2.53422140625e+05, 2.8464659375e+05, 3.141856875e+05, 3.41763625e+05, 3.670901875e+05, 3.8772096875e+05, 4.026123125e+05, 4.1262159375e+05, 4.1860609375e+05, 4.20879e+05, 4.1871690625e+05, 4.116118124999999e+05, 3.990587187499999e+05, 3.818430312500002e+05, 3.62299e+05, 3.3945378125e+05, 3.121846875e+05, 2.802825625e+05, 2.472555625e+05, 2.139374375e+05, 1.80740265625e+05, 1.47932e+05, 1.149055390625e+05, 8.23967734375e+04, 5.146056640624975e+04, 2.353314062500021e+04, 6.598462402343852e+03, 6.33213005065918e+01, 0e+00, 0e+00, 0e+00, 0e+00, 0e+00, 0e+00, 0e+00, 0e+00, 0e+00, 0e+00, 0e+00, 0e+00, 0e+00, 0e+00, 0e+00, 0e+00, 0e+00, 0e+00, 0e+00, 0e+00, 0e+00, 0e+00, 0e+00, 0e+00, 0e+00, 0e+00, 0e+00, 0e+00, 0e+00]
bat.P=[-2.322570625e+05, -3.8238928125e+05, -3.755368125e+05, -3.7830025e+05, -3.836451875e+05, -3.90702375e+05, -3.99413375e+05, -4.088945625e+05, -4.1823396875e+05, -4.2675103125e+05, -4.3455784375e+05, -4.4177565625e+05, -4.4851209375e+05, -4.5243075e+05, -4.437876875e+05, -4.3288715625e+05, -4.330905e+05, -4.570555000000001e+05, -5.0264803125e+05, -5.5650525e+05, -6.051426875e+05, -6.346768125e+05, -6.50801125e+05, -6.625246875e+05, -6.7374625e+05, -6.8879075e+05, -8.349179375e+05, -1.174856375e+06, 0e+00, 0e+00, 0e+00, 0e+00, 0e+00, 0e+00, 0e+00, 0e+00, 0e+00, 0e+00, 0e+00, 0e+00, 0e+00, 0e+00, 0e+00, 0e+00, 0e+00, 0e+00, 0e+00, 0e+00, 0e+00, 0e+00, 0e+00, 0e+00, 0e+00, 0e+00, 0e+00, 0e+00, 0e+00, 0e+00, 0e+00, 0e+00, 0e+00, 0e+00, 0e+00, 0e+00, 0e+00, 0e+00, 0e+00, 0e+00, 0e+00, 0e+00, 0e+00, 0e+00, 0e+00, 0e+00, 0e+00, 0e+00, 0e+00, 0e+00, 0e+00, 0e+00, 0e+00, 0e+00, 0e+00, 0e+00, 0e+00, 0e+00, 0e+00, 0e+00, 0e+00, 0e+00, 0e+00, 0e+00, 0e+00, 0e+00, 0e+00, 0e+00, 0e+00, 0e+00, 0e+00, 0e+00, 0e+00]
EGriBuy.y=[1.000000013351432e-10, 1.000000013351432e-10, 1.000000013351432e-10, 1.000000013351432e-10, 1.000000013351432e-10, 1.000000013351432e-10, 1.000000013351432e-10, 1.000000013351432e-10, 1.000000013351432e-10, 1.000000013351432e-10, 1.000000013351432e-10, 1.000000013351432e-10, 1.000000013351432e-10, 1.000000013351432e-10, 1.000000013351432e-10, 1.000000013351432e-10, 1.000000013351432e-10, 1.000000013351432e-10, 1.000000013351432e-10, 1.000000013351432e-10, 1.000000013351432e-10, 1.000000013351432e-10, 1.000000013351432e-10, 1.000000013351432e-10, 1.000000013351432e-10, 1.000000013351432e-10, 1.000000013351432e-10, 1.000000013351432e-10, 2.19313280000006e+08, 1.80984768e+09, 3.781183232e+09, 6.21277952e+09, 9.140483072e+09, 1.2477272064e+10, 1.602697728000002e+10, 1.965483417599998e+10, 2.3317434368e+10, 2.6986575872e+10, 3.0648508416e+10, 3.4297419776e+10, 3.7927243776e+10, 4.1535270912e+10, 4.5123104768e+10, 4.8702304256e+10, 5.2289888256e+10, 5.5893901312e+10, 5.951010816e+10, 6.3116791808e+10, 6.6673610752e+10, 7.0147284992e+10, 7.3515933696e+10, 7.6732121088e+10, 7.9655067648e+10, 8.222580736e+10, 8.451366912e+10, 8.668952985600002e+10, 8.884135526400002e+10, 9.099739955199998e+10, 9.3179224064e+10, 9.5404507136e+10, 9.769775104e+10, 1.00075503616e+11, 1.02532071424e+11, 1.05039192064e+11, 1.0755473408e+11, 1.10038351872e+11, 1.12455114752e+11, 1.14775261184e+11, 1.16973256704e+11, 1.19030833152e+11, 1.20936931328e+11, 1.22687193088e+11, 1.242892288e+11, 1.25757939712e+11, 1.27111135232e+11, 1.28367443968e+11, 1.2958871552e+11, 1.30957279232e+11, 1.32564262912e+11, 1.3435502592e+11, 1.36158199808e+11, 1.37885761536e+11, 1.39513233408e+11, 1.4101897216e+11, 1.42381989888e+11, 1.43566454784e+11, 1.44554262528e+11, 1.45368711168e+11, 1.46072666112e+11, 1.46717605888e+11, 1.47316670464e+11, 1.47878199296e+11, 1.48407369728e+11, 1.48905967616e+11, 1.49374173184e+11, 1.4981382144e+11, 1.50213296128e+11, 1.50529785856e+11, 1.50850011136e+11, 1.51174414336e+11, 1.51503814656e+11]
EGriSel.y=[1.000000013351432e-10, 1.000000013351432e-10, 1.000000013351432e-10, 1.000000013351432e-10, 1.000000013351432e-10, 1.000000013351432e-10, 1.000000013351432e-10, 1.000000013351432e-10, 1.000000013351432e-10, 1.000000013351432e-10, 1.000000013351432e-10, 1.000000013351432e-10, 1.000000013351432e-10, 1.000000013351432e-10, 1.000000013351432e-10, 1.000000013351432e-10, 1.000000013351432e-10, 1.000000013351432e-10, 1.000000013351432e-10, 1.000000013351432e-10, 1.000000013351432e-10, 1.000000013351432e-10, 1.000000013351432e-10, 1.000000013351432e-10, 1.000000013351432e-10, 1.000000013351432e-10, 1.000000013351432e-10, 1.000000013351432e-10, 1.000000013351432e-10, 1.000000013351432e-10, 1.000000013351432e-10, 1.000000013351432e-10, 1.000000013351432e-10, 1.000000013351432e-10, 1.000000013351432e-10, 1.000000013351432e-10, 1.000000013351432e-10, 1.000000013351432e-10, 1.000000013351432e-10, 1.000000013351432e-10, 1.000000013351432e-10, 1.000000013351432e-10, 1.000000013351432e-10, 1.000000013351432e-10, 1.000000013351432e-10, 1.000000013351432e-10, 1.000000013351432e-10, 1.000000013351432e-10, 1.000000013351432e-10, 1.000000013351432e-10, 1.000000013351432e-10, 1.000000013351432e-10, 1.000000013351432e-10, 1.000000013351432e-10, 1.000000013351432e-10, 1.000000013351432e-10, 1.000000013351432e-10, 1.000000013351432e-10, 1.000000013351432e-10, 1.000000013351432e-10, 1.000000013351432e-10, 1.000000013351432e-10, 1.000000013351432e-10, 1.000000013351432e-10, 1.000000013351432e-10, 1.000000013351432e-10, 1.000000013351432e-10, 1.000000013351432e-10, 1.000000013351432e-10, 1.000000013351432e-10, 1.000000013351432e-10, 1.000000013351432e-10, 1.000000013351432e-10, 1.000000013351432e-10, 1.000000013351432e-10, 1.000000013351432e-10, 1.000000013351432e-10, 1.000000013351432e-10, 1.000000013351432e-10, 1.000000013351432e-10, 1.000000013351432e-10, 1.000000013351432e-10, 1.000000013351432e-10, 1.000000013351432e-10, 1.000000013351432e-10, 1.000000013351432e-10, 1.000000013351432e-10, 1.000000013351432e-10, 1.000000013351432e-10, 1.000000013351432e-10, 1.000000013351432e-10, 1.000000013351432e-10, 1.000000013351432e-10, 1.000000013351432e-10, 1.000000013351432e-10, 1.000000013351432e-10, 1.000000013351432e-10, 1.000000013351432e-10, 1.000000013351432e-10, 1.000000013351432e-10, 1.000000013351432e-10]
preCos_MEur.y=[2.499893760681152e+01, 2.499893760681152e+01, 2.499893760681152e+01, 2.499893760681152e+01, 2.499893760681152e+01, 2.499893760681152e+01, 2.499893760681152e+01, 2.499893760681152e+01, 2.499893760681152e+01, 2.499893760681152e+01, 2.499893760681152e+01, 2.499893760681152e+01, 2.499893760681152e+01, 2.499893760681152e+01, 2.499893760681152e+01, 2.499893760681152e+01, 2.499893760681152e+01, 2.499893760681152e+01, 2.499893760681152e+01, 2.499893760681152e+01, 2.499893760681152e+01, 2.499893760681152e+01, 2.499893760681152e+01, 2.499893760681152e+01, 2.499893760681152e+01, 2.499893760681152e+01, 2.499893760681152e+01, 2.499893760681152e+01, 2.499907493591309e+01, 2.500006103515625e+01, 2.500128173828125e+01, 2.50027904510498e+01, 2.500460433959961e+01, 2.500667381286621e+01, 2.500887298583984e+01, 2.501112174987793e+01, 2.501339340209961e+01, 2.501566696166992e+01, 2.501793670654297e+01, 2.502019882202148e+01, 2.50224494934082e+01, 2.502468681335449e+01, 2.502691078186035e+01, 2.502912902832031e+01, 2.503135299682617e+01, 2.50335865020752e+01, 2.503582763671875e+01, 2.503806495666504e+01, 2.504026985168457e+01, 2.504242324829102e+01, 2.504450988769531e+01, 2.504650497436523e+01, 2.504831695556641e+01, 2.50499095916748e+01, 2.505132865905762e+01, 2.505267715454102e+01, 2.505401039123535e+01, 2.505534744262695e+01, 2.505669975280762e+01, 2.505807876586914e+01, 2.505950164794922e+01, 2.506097412109375e+01, 2.506249809265137e+01, 2.506405258178711e+01, 2.506561088562012e+01, 2.50671501159668e+01, 2.506864929199219e+01, 2.507008743286133e+01, 2.507144927978516e+01, 2.507272529602051e+01, 2.507390594482422e+01, 2.507499122619629e+01, 2.507598495483398e+01, 2.507689476013184e+01, 2.507773399353027e+01, 2.507851219177246e+01, 2.507926940917969e+01, 2.508011817932129e+01, 2.508111381530762e+01, 2.508222389221191e+01, 2.508334159851074e+01, 2.508441352844238e+01, 2.508542251586914e+01, 2.508635520935059e+01, 2.508720016479492e+01, 2.508793449401855e+01, 2.508854675292969e+01, 2.508905220031738e+01, 2.50894889831543e+01, 2.508988761901855e+01, 2.509025955200195e+01, 2.509060668945312e+01, 2.509093475341797e+01, 2.509124374389648e+01, 2.50915355682373e+01, 2.509180641174316e+01, 2.509205436706543e+01, 2.509225082397461e+01, 2.509244918823242e+01, 2.50926513671875e+01, 2.509285545349121e+01]
