last-generated=2025-10-10
statistics-simulation=
{
  "linear": " ",
  "nonlinear": " ",
  "numerical Jacobians": "0"
}
time=[0e+00, 1.6e+02]
souWat.m_flow_in=[0e+00, 0e+00, 0e+00, 0e+00, 0e+00, 0e+00, 0e+00, 0e+00, 0e+00, 0e+00, 0e+00, 0e+00, 0e+00, 0e+00, 0e+00, 0e+00, 0e+00, 0e+00, 0e+00, 6.66667318593066e-03, 3.333333507180214e-02, 6.000002409025681e-02, 8.666665325560743e-02, 1.133333497246072e-01, 1.399999751647029e-01, 1.666666716337204e-01, 1.933333532015767e-01, 2.199999860922354e-01, 2.466666825612529e-01, 2.733333154519115e-01, 3.00000011920929e-01, 3.26666678587624e-01, 3.533333114782827e-01, 3.800000079473003e-01, 4.066666408379589e-01, 4.333333373069763e-01, 4.600000337759937e-01, 4.866666666666525e-01, 5.133333333334186e-01, 5.399999960261865e-01, 5.666666626930237e-01, 5.933333293598608e-01, 6.200000556307744e-01, 6.466665951413203e-01, 6.733333214122339e-01, 6.99999988079071e-01, 7.26666714350269e-01, 7.5333338101739e-01, 7.799999205273677e-01, 8.066666467982813e-01, 8.333333134651184e-01, 8.600000397363161e-01, 8.866667064034376e-01, 9.133333055174916e-01, 9.399999721846128e-01, 9.666666388511658e-01, 9.933333651223637e-01, 1e+00, 1e+00, 1e+00, 1e+00, 1e+00, 1e+00, 1e+00, 1e+00, 1e+00, 1e+00, 1e+00, 1e+00, 1e+00, 1e+00, 1e+00, 1e+00, 1e+00, 1e+00, 1e+00, 1e+00, 1e+00, 1e+00, 1e+00, 1e+00, 1e+00, 1e+00, 1e+00, 1e+00, 1e+00, 1e+00, 1e+00, 1e+00, 1e+00, 1e+00, 1e+00, 1e+00, 1e+00, 1e+00, 1e+00, 1e+00, 1e+00, 1e+00, 1e+00, 1e+00]
souAir.m_flow_in=[0e+00, 0e+00, 0e+00, 0e+00, 0e+00, 0e+00, 0e+00, 0e+00, 0e+00, 0e+00, 0e+00, 0e+00, 0e+00, 0e+00, 0e+00, 0e+00, 0e+00, 0e+00, 0e+00, 6.66667318593066e-03, 3.333333507180214e-02, 6.000002409025681e-02, 8.666665325560743e-02, 1.133333497246072e-01, 1.399999751647029e-01, 1.666666716337204e-01, 1.933333532015767e-01, 2.199999860922354e-01, 2.466666825612529e-01, 2.733333154519115e-01, 3.00000011920929e-01, 3.26666678587624e-01, 3.533333114782827e-01, 3.800000079473003e-01, 4.066666408379589e-01, 4.333333373069763e-01, 4.600000337759937e-01, 4.866666666666525e-01, 5.133333333334186e-01, 5.399999960261865e-01, 5.666666626930237e-01, 5.933333293598608e-01, 6.200000556307744e-01, 6.466665951413203e-01, 6.733333214122339e-01, 6.99999988079071e-01, 7.26666714350269e-01, 7.5333338101739e-01, 7.799999205273677e-01, 8.066666467982813e-01, 8.333333134651184e-01, 8.600000397363161e-01, 8.866667064034376e-01, 9.133333055174916e-01, 9.399999721846128e-01, 9.666666388511658e-01, 9.933333651223637e-01, 1e+00, 1e+00, 1e+00, 1e+00, 1e+00, 1e+00, 1e+00, 1e+00, 1e+00, 1e+00, 1e+00, 1e+00, 1e+00, 1e+00, 1e+00, 1e+00, 1e+00, 1e+00, 1e+00, 1e+00, 1e+00, 1e+00, 1e+00, 1e+00, 1e+00, 1e+00, 1e+00, 1e+00, 1e+00, 1e+00, 1e+00, 1e+00, 1e+00, 1e+00, 1e+00, 1e+00, 1e+00, 1e+00, 1e+00, 1e+00, 1e+00, 1e+00, 1e+00, 1e+00]
souWat.T_in=[3.131499938964844e+02, 3.131499938964844e+02, 3.131499938964844e+02, 3.131499938964844e+02, 3.131499938964844e+02, 3.131499938964844e+02, 3.131499938964844e+02, 3.131499938964844e+02, 3.131499938964844e+02, 3.131499938964844e+02, 3.131499938964844e+02, 3.131499938964844e+02, 3.131499938964844e+02, 3.131499938964844e+02, 3.131499938964844e+02, 3.131499938964844e+02, 3.131499938964844e+02, 3.131499938964844e+02, 3.131499938964844e+02, 3.131499938964844e+02, 3.131499938964844e+02, 3.131499938964844e+02, 3.131499938964844e+02, 3.131499938964844e+02, 3.131499938964844e+02, 3.131499938964844e+02, 3.131499938964844e+02, 3.131499938964844e+02, 3.131499938964844e+02, 3.131499938964844e+02, 3.131499938964844e+02, 3.131499938964844e+02, 3.131499938964844e+02, 3.131499938964844e+02, 3.131499938964844e+02, 3.131499938964844e+02, 3.131499938964844e+02, 3.131499938964844e+02, 3.131499938964844e+02, 3.131499938964844e+02, 3.131499938964844e+02, 3.131499938964844e+02, 3.131499938964844e+02, 3.131499938964844e+02, 3.131499938964844e+02, 3.131499938964844e+02, 3.131499938964844e+02, 3.131499938964844e+02, 3.131499938964844e+02, 3.131499938964844e+02, 3.131499938964844e+02, 3.131499938964844e+02, 3.131499938964844e+02, 3.131499938964844e+02, 3.131499938964844e+02, 3.131499938964844e+02, 3.131499938964844e+02, 3.123500040688649e+02, 3.112833272299632e+02, 3.102166758218673e+02, 3.091499938964844e+02, 3.08083342488534e+02, 3.070166605632966e+02, 3.059500142413909e+02, 3.048833323161535e+02, 3.038166809082031e+02, 3.027499989826746e+02, 3.016833170574372e+02, 3.006166707355316e+02, 2.995499888102941e+02, 2.984833374023438e+02, 2.974166554769608e+02, 2.963500040688649e+02, 2.952833272299632e+02, 2.942166758218673e+02, 2.931499938964844e+02, 2.931499938964844e+02, 2.931499938964844e+02, 2.931499938964844e+02, 2.931499938964844e+02, 2.931499938964844e+02, 2.931499938964844e+02, 2.931499938964844e+02, 2.931499938964844e+02, 2.931499938964844e+02, 2.931499938964844e+02, 2.931499938964844e+02, 2.931499938964844e+02, 2.931499938964844e+02, 2.931499938964844e+02, 2.931499938964844e+02, 2.931499938964844e+02, 2.931499938964844e+02, 2.931499938964844e+02, 2.931499938964844e+02, 2.931499938964844e+02, 2.931499938964844e+02, 2.931499938964844e+02, 2.931499938964844e+02, 2.931499938964844e+02, 2.931499938964844e+02]
souAir.T_in=[3.131499938964844e+02, 3.131499938964844e+02, 3.131499938964844e+02, 3.131499938964844e+02, 3.131499938964844e+02, 3.131499938964844e+02, 3.131499938964844e+02, 3.131499938964844e+02, 3.131499938964844e+02, 3.131499938964844e+02, 3.131499938964844e+02, 3.131499938964844e+02, 3.131499938964844e+02, 3.131499938964844e+02, 3.131499938964844e+02, 3.131499938964844e+02, 3.131499938964844e+02, 3.131499938964844e+02, 3.131499938964844e+02, 3.131499938964844e+02, 3.131499938964844e+02, 3.131499938964844e+02, 3.131499938964844e+02, 3.131499938964844e+02, 3.131499938964844e+02, 3.131499938964844e+02, 3.131499938964844e+02, 3.131499938964844e+02, 3.131499938964844e+02, 3.131499938964844e+02, 3.131499938964844e+02, 3.131499938964844e+02, 3.131499938964844e+02, 3.131499938964844e+02, 3.131499938964844e+02, 3.131499938964844e+02, 3.131499938964844e+02, 3.131499938964844e+02, 3.131499938964844e+02, 3.131499938964844e+02, 3.131499938964844e+02, 3.131499938964844e+02, 3.131499938964844e+02, 3.131499938964844e+02, 3.131499938964844e+02, 3.131499938964844e+02, 3.131499938964844e+02, 3.131499938964844e+02, 3.131499938964844e+02, 3.131499938964844e+02, 3.131499938964844e+02, 3.131499938964844e+02, 3.131499938964844e+02, 3.131499938964844e+02, 3.131499938964844e+02, 3.131499938964844e+02, 3.131499938964844e+02, 3.123500040688649e+02, 3.112833272299632e+02, 3.102166758218673e+02, 3.091499938964844e+02, 3.08083342488534e+02, 3.070166605632966e+02, 3.059500142413909e+02, 3.048833323161535e+02, 3.038166809082031e+02, 3.027499989826746e+02, 3.016833170574372e+02, 3.006166707355316e+02, 2.995499888102941e+02, 2.984833374023438e+02, 2.974166554769608e+02, 2.963500040688649e+02, 2.952833272299632e+02, 2.942166758218673e+02, 2.931499938964844e+02, 2.931499938964844e+02, 2.931499938964844e+02, 2.931499938964844e+02, 2.931499938964844e+02, 2.931499938964844e+02, 2.931499938964844e+02, 2.931499938964844e+02, 2.931499938964844e+02, 2.931499938964844e+02, 2.931499938964844e+02, 2.931499938964844e+02, 2.931499938964844e+02, 2.931499938964844e+02, 2.931499938964844e+02, 2.931499938964844e+02, 2.931499938964844e+02, 2.931499938964844e+02, 2.931499938964844e+02, 2.931499938964844e+02, 2.931499938964844e+02, 2.931499938964844e+02, 2.931499938964844e+02, 2.931499938964844e+02, 2.931499938964844e+02, 2.931499938964844e+02]
XFloAir.T_0=[2.931499938964844e+02, 2.931499938964844e+02]
XFloWat.X_flow=[0e+00, 0e+00, 0e+00, 0e+00, 0e+00, 0e+00, 0e+00, 0e+00, 0e+00, 0e+00, 0e+00, 0e+00, 0e+00, 0e+00, 0e+00, 0e+00, 0e+00, 0e+00, 0e+00, 1.820654888777893e+01, 9.103266143798828e+01, 1.638588646184443e+02, 2.366848865383979e+02, 3.095110820894957e+02, 3.82337119268129e+02, 4.551632995605469e+02, 5.279895103705429e+02, 6.008155170316711e+02, 6.736417583589542e+02, 7.464677650200821e+02, 8.192939453125e+02, 8.921201256049179e+02, 9.649461933010568e+02, 1.037772373593329e+03, 1.110598441289323e+03, 1.183424560546875e+03, 1.256250801874158e+03, 1.329076869570443e+03, 1.401902988827995e+03, 1.47472905652428e+03, 1.547555297851562e+03, 1.620381417109115e+03, 1.693207658435816e+03, 1.76603355250052e+03, 1.838859671758655e+03, 1.911685913085938e+03, 1.984512032343491e+03, 2.057338273670191e+03, 2.130164167736059e+03, 2.202990409063342e+03, 2.275816650390625e+03, 2.348642647578447e+03, 2.421468888904566e+03, 2.494294782970434e+03, 2.567121024297717e+03, 2.639947265625e+03, 2.712773262812823e+03, 2.521212370103662e+03, 2.254047373621269e+03, 2.001283438662526e+03, 1.763020874023438e+03, 1.539360024589967e+03, 1.330402206247075e+03, 1.136250603114597e+03, 9.570068180610366e+02, 7.927762451171875e+02, 6.436646003785892e+02, 5.097785097058571e+02, 3.912264411795476e+02, 2.881161812848891e+02, 2.0055859375e+02, 1.286649795095671e+02, 7.254793052439632e+01, 3.232134598378957e+01, 8.099873343951661e+00, 0e+00, 0e+00, 0e+00, 0e+00, 0e+00, 0e+00, 0e+00, 0e+00, 0e+00, 0e+00, 0e+00, 0e+00, 0e+00, 0e+00, 0e+00, 0e+00, 0e+00, 0e+00, 0e+00, 0e+00, 0e+00, 0e+00, 0e+00, 0e+00, 0e+00, 0e+00]
XFloAir.X_flow=[0e+00, 0e+00, 0e+00, 0e+00, 0e+00, 0e+00, 0e+00, 0e+00, 0e+00, 0e+00, 0e+00, 0e+00, 0e+00, 0e+00, 0e+00, 0e+00, 0e+00, 0e+00, 0e+00, 1.184397491834288e+01, 5.921981811523438e+01, 1.065957177886152e+02, 1.539715045090128e+02, 2.013474041823936e+02, 2.48723190902791e+02, 2.960990905761719e+02, 3.434749902496255e+02, 3.908507769699867e+02, 4.382266766433675e+02, 4.856024633638013e+02, 5.329783935546875e+02, 5.803542932279955e+02, 6.277300799483568e+02, 6.751059796218104e+02, 7.22481766342026e+02, 7.69857666015625e+02, 8.172335656889329e+02, 8.646093524094398e+02, 9.119852520827477e+02, 9.593610388032546e+02, 1.006736938476562e+03, 1.054112838149579e+03, 1.101488737823761e+03, 1.148864411590302e+03, 1.196240311263901e+03, 1.2436162109375e+03, 1.290992110611099e+03, 1.338368010284698e+03, 1.385743684051239e+03, 1.433119583724839e+03, 1.480495483398438e+03, 1.527871383072036e+03, 1.575247282745636e+03, 1.622622956512177e+03, 1.669998856185776e+03, 1.717374755859375e+03, 1.764750655532974e+03, 1.725729976322615e+03, 1.660947630671201e+03, 1.599657161605599e+03, 1.541883056640625e+03, 1.487649608518183e+03, 1.436981230701231e+03, 1.389903285286007e+03, 1.346439981471203e+03, 1.306617309570312e+03, 1.270460538915677e+03, 1.237995669864529e+03, 1.209249075419319e+03, 1.184246848581264e+03, 1.163015747070312e+03, 1.145582993371748e+03, 1.131975686454659e+03, 1.122221451200094e+03, 1.116348270715684e+03, 1.114384155273438e+03, 1.114384155273438e+03, 1.114384155273438e+03, 1.114384155273438e+03, 1.114384155273438e+03, 1.114384155273438e+03, 1.114384155273438e+03, 1.114384155273438e+03, 1.114384155273438e+03, 1.114384155273438e+03, 1.114384155273438e+03, 1.114384155273438e+03, 1.114384155273438e+03, 1.114384155273438e+03, 1.114384155273438e+03, 1.114384155273438e+03, 1.114384155273438e+03, 1.114384155273438e+03, 1.114384155273438e+03, 1.114384155273438e+03, 1.114384155273438e+03, 1.114384155273438e+03, 1.114384155273438e+03, 1.114384155273438e+03, 1.114384155273438e+03, 1.114384155273438e+03]
XFloWat.port_a.p=[3e+05, 3e+05]
XFloAir.port_a.p=[1.01325e+05, 1.01325e+05]
XFloAir.p_0=[1e+05, 1e+05]
